0001_0028_0033_0105_0105.jpg 1 28 33 105 105
0002_0151_0105_0079_0079.jpg 1 151 105 79 79
0003_0183_0135_0053_0053.jpg 1 183 135 53 53
0004_0082_0093_0083_0083.jpg 1 82 93 83 83
0005_0426_0165_0100_0100.jpg 1 426 165 100 100
0006_0160_0172_0086_0086.jpg 1 160 172 86 86
0007_0062_0069_0067_0067.jpg 1 62 69 67 67
0008_0085_0032_0079_0079.jpg 1 85 32 79 79
0009_0084_0090_0053_0053.jpg 1 84 90 53 53
0010_0131_0060_0103_0103.jpg 1 131 60 103 103
0011_0306_0200_0097_0097.jpg 1 306 200 97 97
0012_0452_0194_0085_0085.jpg 1 452 194 85 85
0013_0029_0027_0108_0108.jpg 1 29 27 108 108
0014_0430_0201_0094_0094.jpg 1 430 201 94 94
0015_0029_0130_0084_0084.jpg 1 29 130 84 84
0016_0060_0134_0050_0050.jpg 1 60 134 50 50
0017_0058_0281_0065_0065.jpg 1 58 281 65 65
0018_0084_0081_0069_0069.jpg 1 84 81 69 69
0019_0111_0067_0060_0060.jpg 1 111 67 60 60
0020_0177_0320_0100_0100.jpg 1 177 320 100 100
0021_0111_0108_0051_0051.jpg 1 111 108 51 51
0022_0238_0193_0095_0095.jpg 1 238 193 95 95
