0001_0078_0089_0095_0095.jpg 1 78 89 95 95
0002_0045_0092_0052_0052.jpg 1 45 92 52 52
0003_0293_0127_0059_0059.jpg 1 293 127 59 59
0004_0043_0146_0053_0053.jpg 1 43 146 53 53
0005_0045_0045_0100_0100.jpg 1 45 45 100 100
0006_0123_0097_0101_0101.jpg 1 123 97 101 101
0007_0379_0286_0101_0101.jpg 1 379 286 101 101
0008_0121_0146_0157_0157.jpg 1 121 146 157 157
0009_0070_0247_0104_0104.jpg 1 70 247 104 104
0010_0195_0237_0129_0129.jpg 1 195 237 129 129
0011_0374_0316_0075_0075.jpg 1 374 316 75 75
0012_0127_0053_0143_0143.jpg 1 127 53 143 143
0013_0098_0107_0117_0117.jpg 1 98 107 117 117
0014_0065_0151_0061_0061.jpg 1 65 151 61 61
0015_0019_0064_0151_0151.jpg 1 19 64 151 151
0016_0036_0023_0106_0106.jpg 1 36 23 106 106
0017_0370_0117_0116_0116.jpg 1 370 117 116 116
0018_0100_0055_0074_0074.jpg 1 100 55 74 74
0019_0107_0049_0061_0061.jpg 1 107 49 61 61
0020_0357_0119_0155_0155.jpg 1 357 119 155 155
0021_0063_0349_0052_0052.jpg 1 63 349 52 52
0022_0260_0082_0149_0149.jpg 1 260 82 149 149
