0001_0052_0036_0130_0130.jpg 1 52 36 130 130
0002_0374_0036_0167_0167.jpg 1 374 36 167 167
0003_0379_0054_0167_0167.jpg 1 379 54 167 167
0004_0080_0205_0132_0132.jpg 1 80 205 132 132
0005_0154_0515_0052_0052.jpg 1 154 515 52 52
0006_0225_0037_0146_0146.jpg 1 225 37 146 146
0007_0027_0055_0088_0088.jpg 1 27 55 88 88
0008_0065_0039_0155_0155.jpg 1 65 39 155 155
0009_0498_0318_0062_0062.jpg 1 498 318 62 62
0010_0031_0035_0156_0156.jpg 1 31 35 156 156
0011_0251_0032_0157_0157.jpg 1 251 32 157 157
0012_0045_0020_0056_0056.jpg 1 45 20 56 56
0013_0260_0271_0158_0158.jpg 1 260 271 158 158
0014_0411_0223_0132_0132.jpg 1 411 223 132 132
0015_0176_0129_0084_0084.jpg 1 176 129 84 84
0016_0201_0306_0099_0099.jpg 1 201 306 99 99
0017_0149_0097_0130_0130.jpg 1 149 97 130 130
0018_0038_0046_0151_0151.jpg 1 38 46 151 151
0019_0073_0106_0121_0121.jpg 1 73 106 121 121
0020_0321_0092_0114_0114.jpg 1 321 92 114 114
0021_0199_0038_0076_0076.jpg 1 199 38 76 76
0022_0259_0130_0050_0050.jpg 1 259 130 50 50
