0001_0016_0163_0057_0057.jpg 1 16 163 57 57
0002_0150_0159_0063_0063.jpg 1 150 159 63 63
0003_0404_0139_0087_0087.jpg 1 404 139 87 87
0004_0201_0039_0056_0056.jpg 1 201 39 56 56
0005_0178_0087_0114_0114.jpg 1 178 87 114 114
0006_0131_0116_0064_0064.jpg 1 131 116 64 64
0007_0133_0268_0122_0122.jpg 1 133 268 122 122
0008_0012_0037_0123_0123.jpg 1 12 37 123 123
0009_0109_0080_0094_0094.jpg 1 109 80 94 94
0010_0145_0112_0075_0075.jpg 1 145 112 75 75
0011_0021_0086_0071_0071.jpg 1 21 86 71 71
0012_0073_0051_0112_0112.jpg 1 73 51 112 112
0013_0074_0182_0080_0080.jpg 1 74 182 80 80
0014_0362_0245_0118_0118.jpg 1 362 245 118 118
0015_0133_0065_0120_0120.jpg 1 133 65 120 120
0016_0035_0028_0077_0077.jpg 1 35 28 77 77
0017_0177_0031_0100_0100.jpg 1 177 31 100 100
0018_0243_0130_0110_0110.jpg 1 243 130 110 110
0019_0140_0270_0052_0052.jpg 1 140 270 52 52
0020_0106_0100_0056_0056.jpg 1 106 100 56 56
0021_0033_0130_0077_0077.jpg 1 33 130 77 77
0022_0073_0029_0082_0082.jpg 1 73 29 82 82
