0001_0049_0068_0081_0081.jpg 1 49 68 81 81
0002_0064_0033_0093_0093.jpg 1 64 33 93 93
0003_0144_0087_0064_0064.jpg 1 144 87 64 64
0004_0023_0029_0107_0107.jpg 1 23 29 107 107
0005_0114_0088_0059_0059.jpg 1 114 88 59 59
0006_0106_0081_0094_0094.jpg 1 106 81 94 94
0007_0165_0020_0052_0052.jpg 1 165 20 52 52
0008_0251_0339_0093_0093.jpg 1 251 339 93 93
0009_0412_0288_0069_0069.jpg 1 412 288 69 69
0010_0234_0400_0048_0048.jpg 1 234 400 48 48
0011_0063_0111_0102_0102.jpg 1 63 111 102 102
0012_0232_0326_0090_0090.jpg 1 232 326 90 90
0013_0158_0102_0056_0056.jpg 1 158 102 56 56
0014_0082_0176_0097_0097.jpg 1 82 176 97 97
0015_0147_0156_0063_0063.jpg 1 147 156 63 63
0016_0020_0161_0053_0053.jpg 1 20 161 53 53
0017_0194_0213_0109_0109.jpg 1 194 213 109 109
0018_0168_0081_0056_0056.jpg 1 168 81 56 56
0019_0168_0093_0082_0082.jpg 1 168 93 82 82
0020_0230_0112_0059_0059.jpg 1 230 112 59 59
0021_0091_0137_0078_0078.jpg 1 91 137 78 78
0022_0032_0126_0077_0077.jpg 1 32 126 77 77
