0001_0171_0091_0095_0095.jpg 1 171 91 95 95
0002_0022_0116_0102_0102.jpg 1 22 116 102 102
0003_0106_0061_0056_0056.jpg 1 106 61 56 56
0004_0408_0098_0080_0080.jpg 1 408 98 80 80
0005_0085_0016_0161_0161.jpg 1 85 16 161 161
0006_0111_0126_0095_0095.jpg 1 111 126 95 95
0007_0283_0297_0098_0098.jpg 1 283 297 98 98
0008_0328_0248_0158_0158.jpg 1 328 248 158 158
0009_0400_0093_0154_0154.jpg 1 400 93 154 154
0010_0395_0230_0110_0110.jpg 1 395 230 110 110
0011_0070_0243_0116_0116.jpg 1 70 243 116 116
0012_0018_0070_0152_0152.jpg 1 18 70 152 152
0013_0162_0026_0066_0066.jpg 1 162 26 66 66
0014_0011_0062_0164_0164.jpg 1 11 62 164 164
0015_0163_0196_0112_0112.jpg 1 163 196 112 112
0016_0158_0038_0054_0054.jpg 1 158 38 54 54
0017_0293_0125_0152_0152.jpg 1 293 125 152 152
0018_0082_0020_0115_0115.jpg 1 82 20 115 115
0019_0050_0028_0131_0131.jpg 1 50 28 131 131
0020_0140_0152_0082_0082.jpg 1 140 152 82 82
0021_0403_0221_0083_0083.jpg 1 403 221 83 83
0022_0034_0078_0104_0104.jpg 1 34 78 104 104
