0001_0043_0049_0121_0121.jpg 1 43 49 121 121
0002_0182_0072_0059_0059.jpg 1 182 72 59 59
0003_0399_0282_0093_0093.jpg 1 399 282 93 93
0004_0077_0110_0100_0100.jpg 1 77 110 100 100
0005_0220_0053_0167_0167.jpg 1 220 53 167 167
0006_0167_0052_0096_0096.jpg 1 167 52 96 96
0007_0180_0072_0077_0077.jpg 1 180 72 77 77
0008_0095_0080_0082_0082.jpg 1 95 80 82 82
0009_0028_0082_0070_0070.jpg 1 28 82 70 70
0010_0061_0024_0076_0076.jpg 1 61 24 76 76
0011_0036_0053_0166_0166.jpg 1 36 53 166 166
0012_0211_0111_0134_0134.jpg 1 211 111 134 134
0013_0090_0113_0151_0151.jpg 1 90 113 151 151
0014_0142_0027_0143_0143.jpg 1 142 27 143 143
0015_0298_0161_0152_0152.jpg 1 298 161 152 152
0016_0117_0075_0095_0095.jpg 1 117 75 95 95
0017_0052_0018_0155_0155.jpg 1 52 18 155 155
0018_0158_0245_0056_0056.jpg 1 158 245 56 56
0019_0017_0097_0111_0111.jpg 1 17 97 111 111
0020_0280_0487_0051_0051.jpg 1 280 487 51 51
0021_0093_0129_0082_0082.jpg 1 93 129 82 82
0022_0503_0052_0056_0056.jpg 1 503 52 56 56
