0001_0028_0094_0130_0130.jpg 1 28 94 130 130
0002_0023_0050_0122_0122.jpg 1 23 50 122 122
0003_0026_0128_0081_0081.jpg 1 26 128 81 81
0004_0172_0094_0121_0121.jpg 1 172 94 121 121
0005_0413_0269_0123_0123.jpg 1 413 269 123 123
0006_0298_0066_0127_0127.jpg 1 298 66 127 127
0007_0391_0152_0060_0060.jpg 1 391 152 60 60
0008_0023_0028_0114_0114.jpg 1 23 28 114 114
0009_0034_0059_0071_0071.jpg 1 34 59 71 71
0010_0175_0099_0057_0057.jpg 1 175 99 57 57
0011_0151_0034_0121_0121.jpg 1 151 34 121 121
0012_0373_0144_0120_0120.jpg 1 373 144 120 120
0013_0177_0123_0091_0091.jpg 1 177 123 91 91
0014_0356_0232_0082_0082.jpg 1 356 232 82 82
0015_0119_0173_0067_0067.jpg 1 119 173 67 67
0016_0174_0315_0127_0127.jpg 1 174 315 127 127
0017_0167_0223_0104_0104.jpg 1 167 223 104 104
0018_0157_0101_0074_0074.jpg 1 157 101 74 74
0019_0143_0111_0065_0065.jpg 1 143 111 65 65
0020_0158_0013_0120_0120.jpg 1 158 13 120 120
0021_0088_0029_0129_0129.jpg 1 88 29 129 129
0022_0221_0154_0104_0104.jpg 1 221 154 104 104
