0001_0063_0104_0073_0073.jpg 1 63 104 73 73
0002_0085_0071_0135_0135.jpg 1 85 71 135 135
0003_0075_0058_0142_0142.jpg 1 75 58 142 142
0004_0094_0365_0156_0156.jpg 1 94 365 156 156
0005_0141_0153_0060_0060.jpg 1 141 153 60 60
0006_0196_0029_0067_0067.jpg 1 196 29 67 67
0007_0094_0023_0140_0140.jpg 1 94 23 140 140
0008_0130_0094_0053_0053.jpg 1 130 94 53 53
0009_0063_0081_0085_0085.jpg 1 63 81 85 85
0010_0106_0047_0071_0071.jpg 1 106 47 71 71
0011_0371_0231_0122_0122.jpg 1 371 231 122 122
0012_0095_0021_0111_0111.jpg 1 95 21 111 111
0013_0156_0289_0106_0106.jpg 1 156 289 106 106
0014_0167_0179_0074_0074.jpg 1 167 179 74 74
0015_0314_0111_0150_0150.jpg 1 314 111 150 150
0016_0119_0131_0166_0166.jpg 1 119 131 166 166
0017_0043_0016_0111_0111.jpg 1 43 16 111 111
0018_0034_0096_0132_0132.jpg 1 34 96 132 132
0019_0143_0102_0124_0124.jpg 1 143 102 124 124
0020_0244_0237_0117_0117.jpg 1 244 237 117 117
0021_0161_0049_0075_0075.jpg 1 161 49 75 75
0022_0053_0125_0126_0126.jpg 1 53 125 126 126
