0001_0090_0081_0050_0050.jpg 1 90 81 50 50
0002_0214_0274_0097_0097.jpg 1 214 274 97 97
0003_0134_0154_0066_0066.jpg 1 134 154 66 66
0004_0145_0297_0079_0079.jpg 1 145 297 79 79
0005_0154_0077_0072_0072.jpg 1 154 77 72 72
0006_0065_0018_0082_0082.jpg 1 65 18 82 82
0007_0059_0131_0093_0093.jpg 1 59 131 93 93
0008_0143_0116_0070_0070.jpg 1 143 116 70 70
0009_0024_0101_0099_0099.jpg 1 24 101 99 99
0010_0156_0044_0106_0106.jpg 1 156 44 106 106
0011_0339_0245_0093_0093.jpg 1 339 245 93 93
0012_0304_0106_0090_0090.jpg 1 304 106 90 90
0013_0174_0245_0074_0074.jpg 1 174 245 74 74
0014_0065_0102_0083_0083.jpg 1 65 102 83 83
0015_0114_0029_0064_0064.jpg 1 114 29 64 64
0016_0251_0130_0077_0077.jpg 1 251 130 77 77
0017_0154_0079_0064_0064.jpg 1 154 79 64 64
0018_0210_0084_0103_0103.jpg 1 210 84 103 103
0019_0492_0146_0071_0071.jpg 1 492 146 71 71
0020_0379_0233_0059_0059.jpg 1 379 233 59 59
0021_0080_0272_0094_0094.jpg 1 80 272 94 94
0022_0114_0121_0087_0087.jpg 1 114 121 87 87
