0001_0231_0113_0056_0056.jpg 1 231 113 56 56
0002_0032_0109_0078_0078.jpg 1 32 109 78 78
0003_0235_0242_0089_0089.jpg 1 235 242 89 89
0004_0140_0080_0090_0090.jpg 1 140 80 90 90
0005_0061_0125_0067_0067.jpg 1 61 125 67 67
0006_0051_0057_0158_0158.jpg 1 51 57 158 158
0007_0124_0035_0112_0112.jpg 1 124 35 112 112
0008_0279_0465_0113_0113.jpg 1 279 465 113 113
0009_0216_0157_0094_0094.jpg 1 216 157 94 94
0010_0303_0386_0109_0109.jpg 1 303 386 109 109
0011_0151_0018_0072_0072.jpg 1 151 18 72 72
0012_0092_0076_0081_0081.jpg 1 92 76 81 81
0013_0034_0102_0078_0078.jpg 1 34 102 78 78
0014_0056_0021_0105_0105.jpg 1 56 21 105 105
0015_0073_0115_0048_0048.jpg 1 73 115 48 48
0016_0237_0162_0124_0124.jpg 1 237 162 124 124
0017_0123_0115_0152_0152.jpg 1 123 115 152 152
0018_0258_0292_0131_0131.jpg 1 258 292 131 131
0019_0040_0100_0108_0108.jpg 1 40 100 108 108
0020_0033_0066_0110_0110.jpg 1 33 66 110 110
0021_0349_0258_0105_0105.jpg 1 349 258 105 105
0022_0332_0197_0107_0107.jpg 1 332 197 107 107
