0001_0105_0120_0066_0066.jpg 1 105 120 66 66
0002_0145_0184_0122_0122.jpg 1 145 184 122 122
0003_0088_0097_0054_0054.jpg 1 88 97 54 54
0004_0010_0010_0167_0167.jpg 1 10 10 167 167
0005_0149_0043_0131_0131.jpg 1 149 43 131 131
0006_0249_0112_0085_0085.jpg 1 249 112 85 85
0007_0232_0285_0074_0074.jpg 1 232 285 74 74
0008_0049_0035_0129_0129.jpg 1 49 35 129 129
0009_0100_0031_0145_0145.jpg 1 100 31 145 145
0010_0014_0045_0156_0156.jpg 1 14 45 156 156
0011_0059_0026_0054_0054.jpg 1 59 26 54 54
0012_0369_0230_0105_0105.jpg 1 369 230 105 105
0013_0013_0138_0073_0073.jpg 1 13 138 73 73
0014_0129_0101_0071_0071.jpg 1 129 101 71 71
0015_0143_0132_0100_0100.jpg 1 143 132 100 100
0016_0313_0317_0088_0088.jpg 1 313 317 88 88
0017_0124_0296_0124_0124.jpg 1 124 296 124 124
0018_0406_0193_0144_0144.jpg 1 406 193 144 144
0019_0187_0079_0108_0108.jpg 1 187 79 108 108
0020_0144_0060_0113_0113.jpg 1 144 60 113 113
0021_0184_0089_0052_0052.jpg 1 184 89 52 52
0022_0206_0356_0148_0148.jpg 1 206 356 148 148
