0001_0083_0105_0052_0052.jpg 1 83 105 52 52
0002_0103_0027_0075_0075.jpg 1 103 27 75 75
0003_0169_0046_0090_0090.jpg 1 169 46 90 90
0004_0347_0042_0070_0070.jpg 1 347 42 70 70
0005_0085_0022_0056_0056.jpg 1 85 22 56 56
0006_0121_0109_0053_0053.jpg 1 121 109 53 53
0007_0090_0022_0048_0048.jpg 1 90 22 48 48
0008_0168_0067_0054_0054.jpg 1 168 67 54 54
0009_0023_0056_0104_0104.jpg 1 23 56 104 104
0010_0093_0126_0068_0068.jpg 1 93 126 68 68
0011_0257_0350_0082_0082.jpg 1 257 350 82 82
0012_0291_0131_0071_0071.jpg 1 291 131 71 71
0013_0190_0068_0122_0122.jpg 1 190 68 122 122
0014_0207_0032_0085_0085.jpg 1 207 32 85 85
0015_0122_0334_0093_0093.jpg 1 122 334 93 93
0016_0014_0047_0074_0074.jpg 1 14 47 74 74
0017_0139_0121_0064_0064.jpg 1 139 121 64 64
0018_0207_0100_0108_0108.jpg 1 207 100 108 108
0019_0054_0044_0089_0089.jpg 1 54 44 89 89
0020_0187_0176_0111_0111.jpg 1 187 176 111 111
0021_0247_0168_0061_0061.jpg 1 247 168 61 61
0022_0003_0025_0122_0122.jpg 1 3 25 122 122
