0001_0024_0027_0094_0094.jpg 1 24 27 94 94
0002_0051_0082_0072_0072.jpg 1 51 82 72 72
0003_0091_0146_0158_0158.jpg 1 91 146 158 158
0004_0133_0024_0141_0141.jpg 1 133 24 141 141
0005_0080_0071_0146_0146.jpg 1 80 71 146 146
0006_0361_0052_0124_0124.jpg 1 361 52 124 124
0007_0087_0012_0147_0147.jpg 1 87 12 147 147
0008_0033_0040_0113_0113.jpg 1 33 40 113 113
0009_0121_0094_0110_0110.jpg 1 121 94 110 110
0010_0158_0097_0078_0078.jpg 1 158 97 78 78
0011_0150_0068_0120_0120.jpg 1 150 68 120 120
0012_0137_0229_0109_0109.jpg 1 137 229 109 109
0013_0439_0153_0068_0068.jpg 1 439 153 68 68
0014_0481_0210_0058_0058.jpg 1 481 210 58 58
0015_0194_0074_0100_0100.jpg 1 194 74 100 100
0016_0287_0461_0123_0123.jpg 1 287 461 123 123
0017_0044_0039_0094_0094.jpg 1 44 39 94 94
0018_0015_0055_0154_0154.jpg 1 15 55 154 154
0019_0286_0229_0084_0084.jpg 1 286 229 84 84
0020_0079_0085_0104_0104.jpg 1 79 85 104 104
0021_0417_0062_0054_0054.jpg 1 417 62 54 54
0022_0100_0124_0052_0052.jpg 1 100 124 52 52
