0001_0100_0087_0089_0089.jpg 1 100 87 89 89
0002_0522_0167_0054_0054.jpg 1 522 167 54 54
0003_0132_0145_0061_0061.jpg 1 132 145 61 61
0004_0100_0074_0111_0111.jpg 1 100 74 111 111
0005_0055_0123_0084_0084.jpg 1 55 123 84 84
0006_0100_0069_0075_0075.jpg 1 100 69 75 75
0007_0105_0009_0123_0123.jpg 1 105 9 123 123
0008_0095_0031_0048_0048.jpg 1 95 31 48 48
0009_0041_0131_0087_0087.jpg 1 41 131 87 87
0010_0115_0129_0054_0054.jpg 1 115 129 54 54
0011_0184_0140_0083_0083.jpg 1 184 140 83 83
0012_0404_0066_0107_0107.jpg 1 404 66 107 107
0013_0004_0048_0112_0112.jpg 1 4 48 112 112
0014_0488_0142_0096_0096.jpg 1 488 142 96 96
0015_0317_0220_0112_0112.jpg 1 317 220 112 112
0016_0024_0042_0106_0106.jpg 1 24 42 106 106
0017_0432_0130_0129_0129.jpg 1 432 130 129 129
0018_0396_0090_0114_0114.jpg 1 396 90 114 114
0019_0174_0300_0112_0112.jpg 1 174 300 112 112
0020_0094_0441_0059_0059.jpg 1 94 441 59 59
0021_0276_0070_0133_0133.jpg 1 276 70 133 133
0022_0269_0087_0125_0125.jpg 1 269 87 125 125
