0001_0127_0018_0108_0108.jpg 1 127 18 108 108
0002_0290_0224_0062_0062.jpg 1 290 224 62 62
0003_0071_0015_0100_0100.jpg 1 71 15 100 100
0004_0029_0091_0113_0113.jpg 1 29 91 113 113
0005_0085_0038_0136_0136.jpg 1 85 38 136 136
0006_0074_0090_0062_0062.jpg 1 74 90 62 62
0007_0040_0063_0141_0141.jpg 1 40 63 141 141
0008_0043_0049_0100_0100.jpg 1 43 49 100 100
0009_0035_0022_0121_0121.jpg 1 35 22 121 121
0010_0302_0228_0098_0098.jpg 1 302 228 98 98
0011_0153_0116_0142_0142.jpg 1 153 116 142 142
0012_0209_0193_0054_0054.jpg 1 209 193 54 54
0013_0030_0053_0116_0116.jpg 1 30 53 116 116
0014_0281_0056_0126_0126.jpg 1 281 56 126 126
0015_0031_0064_0121_0121.jpg 1 31 64 121 121
0016_0138_0028_0093_0093.jpg 1 138 28 93 93
0017_0290_0120_0092_0092.jpg 1 290 120 92 92
0018_0164_0048_0137_0137.jpg 1 164 48 137 137
0019_0496_0132_0063_0063.jpg 1 496 132 63 63
0020_0110_0241_0073_0073.jpg 1 110 241 73 73
0021_0074_0092_0124_0124.jpg 1 74 92 124 124
0022_0135_0069_0060_0060.jpg 1 135 69 60 60
