0001_0102_0014_0128_0128.jpg 1 102 14 128 128
0002_0494_0101_0052_0052.jpg 1 494 101 52 52
0003_0360_0217_0078_0078.jpg 1 360 217 78 78
0004_0008_0044_0108_0108.jpg 1 8 44 108 108
0005_0182_0162_0090_0090.jpg 1 182 162 90 90
0006_0122_0066_0130_0130.jpg 1 122 66 130 130
0007_0027_0085_0085_0085.jpg 1 27 85 85 85
0008_0153_0129_0075_0075.jpg 1 153 129 75 75
0009_0124_0044_0080_0080.jpg 1 124 44 80 80
0010_0212_0021_0059_0059.jpg 1 212 21 59 59
0011_0221_0062_0116_0116.jpg 1 221 62 116 116
0012_0141_0136_0052_0052.jpg 1 141 136 52 52
0013_0196_0119_0078_0078.jpg 1 196 119 78 78
0014_0180_0182_0048_0048.jpg 1 180 182 48 48
0015_0268_0204_0083_0083.jpg 1 268 204 83 83
0016_0528_0246_0052_0052.jpg 1 528 246 52 52
0017_0065_0072_0097_0097.jpg 1 65 72 97 97
0018_0074_0097_0114_0114.jpg 1 74 97 114 114
0019_0207_0141_0059_0059.jpg 1 207 141 59 59
0020_0295_0119_0127_0127.jpg 1 295 119 127 127
0021_0422_0264_0059_0059.jpg 1 422 264 59 59
0022_0425_0106_0104_0104.jpg 1 425 106 104 104
