0001_0047_0057_0078_0078.jpg 1 47 57 78 78
0002_0094_0065_0050_0050.jpg 1 94 65 50 50
0003_0163_0325_0086_0086.jpg 1 163 325 86 86
0004_0244_0161_0051_0051.jpg 1 244 161 51 51
0005_0403_0198_0120_0120.jpg 1 403 198 120 120
0006_0073_0084_0111_0111.jpg 1 73 84 111 111
0007_0136_0337_0076_0076.jpg 1 136 337 76 76
0008_0037_0109_0061_0061.jpg 1 37 109 61 61
0009_0022_0127_0090_0090.jpg 1 22 127 90 90
0010_0132_0217_0078_0078.jpg 1 132 217 78 78
0011_0312_0150_0073_0073.jpg 1 312 150 73 73
0012_0082_0083_0078_0078.jpg 1 82 83 78 78
0013_0187_0036_0061_0061.jpg 1 187 36 61 61
0014_0146_0305_0119_0119.jpg 1 146 305 119 119
0015_0032_0140_0060_0060.jpg 1 32 140 60 60
0016_0119_0031_0060_0060.jpg 1 119 31 60 60
0017_0105_0011_0123_0123.jpg 1 105 11 123 123
0018_0138_0092_0096_0096.jpg 1 138 92 96 96
0019_0256_0347_0073_0073.jpg 1 256 347 73 73
0020_0027_0020_0078_0078.jpg 1 27 20 78 78
0021_0050_0017_0104_0104.jpg 1 50 17 104 104
0022_0133_0371_0053_0053.jpg 1 133 371 53 53
