0001_0076_0018_0070_0070.jpg 1 76 18 70 70
0002_0035_0078_0128_0128.jpg 1 35 78 128 128
0003_0091_0024_0097_0097.jpg 1 91 24 97 97
0004_0087_0111_0058_0058.jpg 1 87 111 58 58
0005_0203_0403_0077_0077.jpg 1 203 403 77 77
0006_0110_0041_0105_0105.jpg 1 110 41 105 105
0007_0066_0057_0101_0101.jpg 1 66 57 101 101
0008_0302_0124_0130_0130.jpg 1 302 124 130 130
0009_0293_0227_0078_0078.jpg 1 293 227 78 78
0010_0053_0088_0072_0072.jpg 1 53 88 72 72
0011_0339_0154_0051_0051.jpg 1 339 154 51 51
0012_0041_0095_0122_0122.jpg 1 41 95 122 122
0013_0263_0052_0059_0059.jpg 1 263 52 59 59
0014_0420_0162_0100_0100.jpg 1 420 162 100 100
0015_0412_0065_0078_0078.jpg 1 412 65 78 78
0016_0041_0070_0118_0118.jpg 1 41 70 118 118
0017_0304_0169_0083_0083.jpg 1 304 169 83 83
0018_0126_0343_0067_0067.jpg 1 126 343 67 67
0019_0433_0270_0060_0060.jpg 1 433 270 60 60
0020_0367_0071_0068_0068.jpg 1 367 71 68 68
0021_0074_0063_0082_0082.jpg 1 74 63 82 82
0022_0202_0157_0060_0060.jpg 1 202 157 60 60
