0001_0030_0074_0077_0077.jpg 1 30 74 77 77
0002_0173_0250_0122_0122.jpg 1 173 250 122 122
0003_0119_0238_0122_0122.jpg 1 119 238 122 122
0004_0257_0051_0091_0091.jpg 1 257 51 91 91
0005_0008_0100_0104_0104.jpg 1 8 100 104 104
0006_0058_0135_0057_0057.jpg 1 58 135 57 57
0007_0031_0114_0061_0061.jpg 1 31 114 61 61
0008_0348_0337_0060_0060.jpg 1 348 337 60 60
0009_0098_0091_0072_0072.jpg 1 98 91 72 72
0010_0146_0122_0070_0070.jpg 1 146 122 70 70
0011_0115_0058_0070_0070.jpg 1 115 58 70 70
0012_0084_0129_0124_0124.jpg 1 84 129 124 124
0013_0074_0053_0122_0122.jpg 1 74 53 122 122
0014_0193_0042_0103_0103.jpg 1 193 42 103 103
0015_0033_0082_0055_0055.jpg 1 33 82 55 55
0016_0142_0130_0067_0067.jpg 1 142 130 67 67
0017_0191_0193_0122_0122.jpg 1 191 193 122 122
0018_0197_0132_0098_0098.jpg 1 197 132 98 98
0019_0021_0130_0064_0064.jpg 1 21 130 64 64
0020_0227_0260_0118_0118.jpg 1 227 260 118 118
0021_0446_0099_0055_0055.jpg 1 446 99 55 55
0022_0107_0182_0125_0125.jpg 1 107 182 125 125
