0001_0054_0071_0144_0144.jpg 1 54 71 144 144
0002_0013_0105_0122_0122.jpg 1 13 105 122 122
0003_0135_0064_0082_0082.jpg 1 135 64 82 82
0004_0202_0034_0081_0081.jpg 1 202 34 81 81
0005_0161_0103_0075_0075.jpg 1 161 103 75 75
0006_0166_0096_0132_0132.jpg 1 166 96 132 132
0007_0002_0058_0155_0155.jpg 1 2 58 155 155
0008_0444_0186_0138_0138.jpg 1 444 186 138 138
0009_0365_0193_0110_0110.jpg 1 365 193 110 110
0010_0053_0088_0138_0138.jpg 1 53 88 138 138
0011_0160_0078_0132_0132.jpg 1 160 78 132 132
0012_0457_0198_0100_0100.jpg 1 457 198 100 100
0013_0403_0085_0060_0060.jpg 1 403 85 60 60
0014_0484_0134_0084_0084.jpg 1 484 134 84 84
0015_0239_0091_0074_0074.jpg 1 239 91 74 74
0016_0236_0037_0112_0112.jpg 1 236 37 112 112
0017_0044_0022_0109_0109.jpg 1 44 22 109 109
0018_0062_0060_0050_0050.jpg 1 62 60 50 50
0019_0138_0022_0088_0088.jpg 1 138 22 88 88
0020_0180_0021_0071_0071.jpg 1 180 21 71 71
0021_0157_0080_0074_0074.jpg 1 157 80 74 74
0022_0111_0010_0143_0143.jpg 1 111 10 143 143
