0001_0076_0055_0081_0081.jpg 1 76 55 81 81
0002_0341_0278_0060_0060.jpg 1 341 278 60 60
0003_0019_0052_0135_0135.jpg 1 19 52 135 135
0004_0135_0104_0102_0102.jpg 1 135 104 102 102
0005_0274_0226_0092_0092.jpg 1 274 226 92 92
0006_0155_0270_0085_0085.jpg 1 155 270 85 85
0007_0370_0227_0062_0062.jpg 1 370 227 62 62
0008_0286_0422_0060_0060.jpg 1 286 422 60 60
0009_0081_0049_0064_0064.jpg 1 81 49 64 64
0010_0333_0139_0109_0109.jpg 1 333 139 109 109
0011_0126_0103_0083_0083.jpg 1 126 103 83 83
0012_0286_0344_0082_0082.jpg 1 286 344 82 82
0013_0294_0263_0114_0114.jpg 1 294 263 114 114
0014_0057_0021_0122_0122.jpg 1 57 21 122 122
0015_0115_0112_0093_0093.jpg 1 115 112 93 93
0016_0163_0186_0074_0074.jpg 1 163 186 74 74
0017_0417_0198_0121_0121.jpg 1 417 198 121 121
0018_0190_0189_0086_0086.jpg 1 190 189 86 86
0019_0158_0163_0084_0084.jpg 1 158 163 84 84
0020_0151_0080_0070_0070.jpg 1 151 80 70 70
0021_0011_0056_0077_0077.jpg 1 11 56 77 77
0022_0104_0032_0114_0114.jpg 1 104 32 114 114
