0001_0061_0035_0125_0125.jpg 1 61 35 125 125
0002_0148_0029_0070_0070.jpg 1 148 29 70 70
0003_0227_0331_0061_0061.jpg 1 227 331 61 61
0004_0076_0041_0088_0088.jpg 1 76 41 88 88
0005_0169_0112_0049_0049.jpg 1 169 112 49 49
0006_0122_0023_0056_0056.jpg 1 122 23 56 56
0007_0057_0089_0093_0093.jpg 1 57 89 93 93
0008_0073_0071_0079_0079.jpg 1 73 71 79 79
0009_0030_0045_0109_0109.jpg 1 30 45 109 109
0010_0256_0163_0112_0112.jpg 1 256 163 112 112
0011_0119_0201_0124_0124.jpg 1 119 201 124 124
0012_0374_0090_0104_0104.jpg 1 374 90 104 104
0013_0072_0276_0053_0053.jpg 1 72 276 53 53
0014_0030_0079_0087_0087.jpg 1 30 79 87 87
0015_0320_0245_0052_0052.jpg 1 320 245 52 52
0016_0439_0152_0119_0119.jpg 1 439 152 119 119
0017_0162_0051_0100_0100.jpg 1 162 51 100 100
0018_0318_0362_0108_0108.jpg 1 318 362 108 108
0019_0032_0050_0120_0120.jpg 1 32 50 120 120
0020_0397_0102_0060_0060.jpg 1 397 102 60 60
0021_0261_0352_0125_0125.jpg 1 261 352 125 125
0022_0165_0065_0060_0060.jpg 1 165 65 60 60
