0001_0026_0041_0078_0078.jpg 1 26 41 78 78
0002_0038_0039_0078_0078.jpg 1 38 39 78 78
0003_0076_0039_0087_0087.jpg 1 76 39 87 87
0004_0182_0146_0067_0067.jpg 1 182 146 67 67
0005_0144_0043_0107_0107.jpg 1 144 43 107 107
0006_0063_0029_0050_0050.jpg 1 63 29 50 50
0007_0165_0187_0096_0096.jpg 1 165 187 96 96
0008_0246_0166_0105_0105.jpg 1 246 166 105 105
0009_0276_0357_0087_0087.jpg 1 276 357 87 87
0010_0255_0265_0104_0104.jpg 1 255 265 104 104
0011_0043_0146_0058_0058.jpg 1 43 146 58 58
0012_0344_0182_0050_0050.jpg 1 344 182 50 50
0013_0040_0085_0055_0055.jpg 1 40 85 55 55
0014_0086_0125_0100_0100.jpg 1 86 125 100 100
0015_0093_0058_0114_0114.jpg 1 93 58 114 114
0016_0250_0145_0050_0050.jpg 1 250 145 50 50
0017_0122_0035_0116_0116.jpg 1 122 35 116 116
0018_0147_0081_0110_0110.jpg 1 147 81 110 110
0019_0127_0119_0103_0103.jpg 1 127 119 103 103
0020_0106_0075_0053_0053.jpg 1 106 75 53 53
0021_0110_0127_0049_0049.jpg 1 110 127 49 49
0022_0045_0065_0074_0074.jpg 1 45 65 74 74
