0001_0065_0075_0126_0126.jpg 1 65 75 126 126
0002_0112_0025_0144_0144.jpg 1 112 25 144 144
0003_0116_0437_0123_0123.jpg 1 116 437 123 123
0004_0033_0109_0076_0076.jpg 1 33 109 76 76
0005_0150_0075_0106_0106.jpg 1 150 75 106 106
0006_0240_0298_0136_0136.jpg 1 240 298 136 136
0007_0009_0034_0131_0131.jpg 1 9 34 131 131
0008_0151_0035_0120_0120.jpg 1 151 35 120 120
0009_0273_0264_0088_0088.jpg 1 273 264 88 88
0010_0044_0025_0143_0143.jpg 1 44 25 143 143
0011_0074_0011_0153_0153.jpg 1 74 11 153 153
0012_0137_0020_0137_0137.jpg 1 137 20 137 137
0013_0023_0032_0154_0154.jpg 1 23 32 154 154
0014_0354_0295_0069_0069.jpg 1 354 295 69 69
0015_0069_0088_0076_0076.jpg 1 69 88 76 76
0016_0086_0133_0082_0082.jpg 1 86 133 82 82
0017_0337_0227_0136_0136.jpg 1 337 227 136 136
0018_0438_0296_0081_0081.jpg 1 438 296 81 81
0019_0404_0279_0140_0140.jpg 1 404 279 140 140
0020_0028_0094_0114_0114.jpg 1 28 94 114 114
0021_0205_0078_0111_0111.jpg 1 205 78 111 111
0022_0108_0067_0048_0048.jpg 1 108 67 48 48
