0001_0072_0070_0078_0078.jpg 1 72 70 78 78
0002_0319_0061_0142_0142.jpg 1 319 61 142 142
0003_0049_0023_0130_0130.jpg 1 49 23 130 130
0004_0283_0208_0123_0123.jpg 1 283 208 123 123
0005_0087_0043_0108_0108.jpg 1 87 43 108 108
0006_0031_0046_0094_0094.jpg 1 31 46 94 94
0007_0112_0115_0100_0100.jpg 1 112 115 100 100
0008_0322_0126_0126_0126.jpg 1 322 126 126 126
0009_0059_0179_0138_0138.jpg 1 59 179 138 138
0010_0018_0053_0110_0110.jpg 1 18 53 110 110
0011_0429_0167_0065_0065.jpg 1 429 167 65 65
0012_0034_0017_0126_0126.jpg 1 34 17 126 126
0013_0312_0191_0142_0142.jpg 1 312 191 142 142
0014_0017_0058_0104_0104.jpg 1 17 58 104 104
0015_0243_0167_0119_0119.jpg 1 243 167 119 119
0016_0038_0095_0091_0091.jpg 1 38 95 91 91
0017_0072_0202_0102_0102.jpg 1 72 202 102 102
0018_0083_0097_0131_0131.jpg 1 83 97 131 131
0019_0352_0255_0053_0053.jpg 1 352 255 53 53
0020_0035_0045_0130_0130.jpg 1 35 45 130 130
0021_0065_0081_0129_0129.jpg 1 65 81 129 129
0022_0344_0149_0134_0134.jpg 1 344 149 134 134
