0001_0060_0125_0075_0075.jpg 1 60 125 75 75
0002_0491_0343_0061_0061.jpg 1 491 343 61 61
0003_0082_0062_0131_0131.jpg 1 82 62 131 131
0004_0071_0420_0149_0149.jpg 1 71 420 149 149
0005_0026_0077_0145_0145.jpg 1 26 77 145 145
0006_0407_0172_0136_0136.jpg 1 407 172 136 136
0007_0030_0100_0123_0123.jpg 1 30 100 123 123
0008_0129_0029_0120_0120.jpg 1 129 29 120 120
0009_0061_0057_0144_0144.jpg 1 61 57 144 144
0010_0071_0059_0071_0071.jpg 1 71 59 71 71
0011_0332_0242_0142_0142.jpg 1 332 242 142 142
0012_0055_0046_0113_0113.jpg 1 55 46 113 113
0013_0314_0157_0136_0136.jpg 1 314 157 136 136
0014_0139_0035_0051_0051.jpg 1 139 35 51 51
0015_0049_0070_0098_0098.jpg 1 49 70 98 98
0016_0353_0165_0113_0113.jpg 1 353 165 113 113
0017_0213_0130_0075_0075.jpg 1 213 130 75 75
0018_0104_0059_0091_0091.jpg 1 104 59 91 91
0019_0112_0108_0067_0067.jpg 1 112 108 67 67
0020_0101_0071_0053_0053.jpg 1 101 71 53 53
0021_0087_0105_0082_0082.jpg 1 87 105 82 82
0022_0375_0331_0048_0048.jpg 1 375 331 48 48
