0001_0036_0074_0106_0106.jpg 1 36 74 106 106
0002_0129_0233_0081_0081.jpg 1 129 233 81 81
0003_0270_0277_0123_0123.jpg 1 270 277 123 123
0004_0182_0266_0070_0070.jpg 1 182 266 70 70
0005_0143_0270_0119_0119.jpg 1 143 270 119 119
0006_0024_0151_0056_0056.jpg 1 24 151 56 56
0007_0039_0052_0104_0104.jpg 1 39 52 104 104
0008_0001_0065_0156_0156.jpg 1 1 65 156 156
0009_0168_0270_0152_0152.jpg 1 168 270 152 152
0010_0379_0278_0072_0072.jpg 1 379 278 72 72
0011_0396_0353_0087_0087.jpg 1 396 353 87 87
0012_0112_0131_0070_0070.jpg 1 112 131 70 70
0013_0241_0051_0073_0073.jpg 1 241 51 73 73
0014_0117_0347_0059_0059.jpg 1 117 347 59 59
0015_0436_0176_0061_0061.jpg 1 436 176 61 61
0016_0021_0126_0091_0091.jpg 1 21 126 91 91
0017_0231_0218_0082_0082.jpg 1 231 218 82 82
0018_0368_0131_0134_0134.jpg 1 368 131 134 134
0019_0019_0019_0157_0157.jpg 1 19 19 157 157
0020_0086_0024_0086_0086.jpg 1 86 24 86 86
0021_0043_0126_0082_0082.jpg 1 43 126 82 82
0022_0049_0017_0061_0061.jpg 1 49 17 61 61
