0001_0089_0018_0107_0107.jpg 1 89 18 107 107
0002_0060_0035_0105_0105.jpg 1 60 35 105 105
0003_0023_0068_0074_0074.jpg 1 23 68 74 74
0004_0312_0042_0059_0059.jpg 1 312 42 59 59
0005_0084_0089_0087_0087.jpg 1 84 89 87 87
0006_0011_0014_0103_0103.jpg 1 11 14 103 103
0007_0042_0020_0066_0066.jpg 1 42 20 66 66
0008_0005_0069_0162_0162.jpg 1 5 69 162 162
0009_0490_0098_0076_0076.jpg 1 490 98 76 76
0010_0117_0129_0098_0098.jpg 1 117 129 98 98
0011_0158_0201_0146_0146.jpg 1 158 201 146 146
0012_0122_0303_0070_0070.jpg 1 122 303 70 70
0013_0103_0413_0070_0070.jpg 1 103 413 70 70
0014_0298_0079_0120_0120.jpg 1 298 79 120 120
0015_0202_0133_0135_0135.jpg 1 202 133 135 135
0016_0021_0030_0142_0142.jpg 1 21 30 142 142
0017_0141_0072_0118_0118.jpg 1 141 72 118 118
0018_0102_0180_0056_0056.jpg 1 102 180 56 56
0019_0261_0085_0133_0133.jpg 1 261 85 133 133
0020_0044_0362_0145_0145.jpg 1 44 362 145 145
0021_0427_0188_0111_0111.jpg 1 427 188 111 111
0022_0043_0028_0140_0140.jpg 1 43 28 140 140
