0001_0155_0059_0130_0130.jpg 1 155 59 130 130
0002_0098_0075_0073_0073.jpg 1 98 75 73 73
0003_0037_0099_0107_0107.jpg 1 37 99 107 107
0004_0093_0052_0100_0100.jpg 1 93 52 100 100
0005_0227_0092_0063_0063.jpg 1 227 92 63 63
0006_0000_0045_0122_0122.jpg 1 0 45 122 122
0007_0153_0399_0067_0067.jpg 1 153 399 67 67
0008_0021_0092_0063_0063.jpg 1 21 92 63 63
0009_0059_0161_0048_0048.jpg 1 59 161 48 48
0010_0409_0070_0136_0136.jpg 1 409 70 136 136
0011_0192_0304_0074_0074.jpg 1 192 304 74 74
0012_0360_0041_0084_0084.jpg 1 360 41 84 84
0013_0166_0049_0123_0123.jpg 1 166 49 123 123
0014_0266_0128_0139_0139.jpg 1 266 128 139 139
0015_0054_0013_0144_0144.jpg 1 54 13 144 144
0016_0061_0028_0110_0110.jpg 1 61 28 110 110
0017_0113_0074_0069_0069.jpg 1 113 74 69 69
0018_0155_0076_0092_0092.jpg 1 155 76 92 92
0019_0125_0169_0125_0125.jpg 1 125 169 125 125
0020_0147_0112_0079_0079.jpg 1 147 112 79 79
0021_0069_0023_0166_0166.jpg 1 69 23 166 166
0022_0113_0062_0108_0108.jpg 1 113 62 108 108
