0001_0063_0048_0104_0104.jpg 1 63 48 104 104
0002_0124_0033_0072_0072.jpg 1 124 33 72 72
0003_0199_0104_0094_0094.jpg 1 199 104 94 94
0004_0227_0197_0075_0075.jpg 1 227 197 75 75
0005_0129_0316_0085_0085.jpg 1 129 316 85 85
0006_0064_0077_0112_0112.jpg 1 64 77 112 112
0007_0479_0327_0059_0059.jpg 1 479 327 59 59
0008_0430_0121_0070_0070.jpg 1 430 121 70 70
0009_0154_0169_0048_0048.jpg 1 154 169 48 48
0010_0021_0037_0124_0124.jpg 1 21 37 124 124
0011_0073_0150_0102_0102.jpg 1 73 150 102 102
0012_0049_0116_0058_0058.jpg 1 49 116 58 58
0013_0500_0128_0060_0060.jpg 1 500 128 60 60
0014_0258_0420_0100_0100.jpg 1 258 420 100 100
0015_0149_0071_0108_0108.jpg 1 149 71 108 108
0016_0420_0122_0095_0095.jpg 1 420 122 95 95
0017_0061_0075_0101_0101.jpg 1 61 75 101 101
0018_0081_0050_0081_0081.jpg 1 81 50 81 81
0019_0089_0061_0120_0120.jpg 1 89 61 120 120
0020_0157_0064_0056_0056.jpg 1 157 64 56 56
0021_0435_0173_0091_0091.jpg 1 435 173 91 91
0022_0066_0138_0073_0073.jpg 1 66 138 73 73
