0001_0133_0059_0096_0096.jpg 1 133 59 96 96
0002_0404_0094_0149_0149.jpg 1 404 94 149 149
0003_0212_0258_0151_0151.jpg 1 212 258 151 151
0004_0095_0043_0165_0165.jpg 1 95 43 165 165
0005_0149_0060_0102_0102.jpg 1 149 60 102 102
0006_0375_0251_0082_0082.jpg 1 375 251 82 82
0007_0083_0179_0098_0098.jpg 1 83 179 98 98
0008_0084_0053_0132_0132.jpg 1 84 53 132 132
0009_0136_0100_0126_0126.jpg 1 136 100 126 126
0010_0108_0025_0156_0156.jpg 1 108 25 156 156
0011_0194_0184_0075_0075.jpg 1 194 184 75 75
0012_0135_0282_0083_0083.jpg 1 135 282 83 83
0013_0145_0057_0158_0158.jpg 1 145 57 158 158
0014_0292_0065_0061_0061.jpg 1 292 65 61 61
0015_0020_0067_0129_0129.jpg 1 20 67 129 129
0016_0052_0039_0094_0094.jpg 1 52 39 94 94
0017_0254_0432_0060_0060.jpg 1 254 432 60 60
0018_0377_0161_0085_0085.jpg 1 377 161 85 85
0019_0191_0329_0109_0109.jpg 1 191 329 109 109
0020_0058_0079_0122_0122.jpg 1 58 79 122 122
0021_0024_0035_0149_0149.jpg 1 24 35 149 149
0022_0250_0289_0081_0081.jpg 1 250 289 81 81
