0001_0080_0103_0070_0070.jpg 1 80 103 70 70
0002_0083_0093_0081_0081.jpg 1 83 93 81 81
0003_0311_0125_0115_0115.jpg 1 311 125 115 115
0004_0306_0059_0053_0053.jpg 1 306 59 53 53
0005_0184_0040_0146_0146.jpg 1 184 40 146 146
0006_0477_0274_0067_0067.jpg 1 477 274 67 67
0007_0081_0124_0083_0083.jpg 1 81 124 83 83
0008_0143_0188_0067_0067.jpg 1 143 188 67 67
0009_0338_0481_0058_0058.jpg 1 338 481 58 58
0010_0208_0094_0059_0059.jpg 1 208 94 59 59
0011_0041_0118_0093_0093.jpg 1 41 118 93 93
0012_0115_0298_0049_0049.jpg 1 115 298 49 49
0013_0061_0060_0117_0117.jpg 1 61 60 117 117
0014_0156_0014_0127_0127.jpg 1 156 14 127 127
0015_0422_0220_0115_0115.jpg 1 422 220 115 115
0016_0092_0025_0150_0150.jpg 1 92 25 150 150
0017_0033_0079_0103_0103.jpg 1 33 79 103 103
0018_0055_0096_0157_0157.jpg 1 55 96 157 157
0019_0073_0149_0163_0163.jpg 1 73 149 163 163
0020_0250_0260_0111_0111.jpg 1 250 260 111 111
0021_0201_0103_0100_0100.jpg 1 201 103 100 100
0022_0028_0081_0053_0053.jpg 1 28 81 53 53
