0001_0098_0021_0106_0106.jpg 1 98 21 106 106
0002_0440_0103_0080_0080.jpg 1 440 103 80 80
0003_0239_0322_0063_0063.jpg 1 239 322 63 63
0004_0068_0157_0103_0103.jpg 1 68 157 103 103
0005_0352_0060_0145_0145.jpg 1 352 60 145 145
0006_0023_0106_0049_0049.jpg 1 23 106 49 49
0007_0289_0222_0129_0129.jpg 1 289 222 129 129
0008_0228_0231_0119_0119.jpg 1 228 231 119 119
0009_0439_0193_0091_0091.jpg 1 439 193 91 91
0010_0046_0063_0079_0079.jpg 1 46 63 79 79
0011_0244_0155_0070_0070.jpg 1 244 155 70 70
0012_0003_0035_0152_0152.jpg 1 3 35 152 152
0013_0097_0067_0096_0096.jpg 1 97 67 96 96
0014_0284_0267_0069_0069.jpg 1 284 267 69 69
0015_0324_0177_0107_0107.jpg 1 324 177 107 107
0016_0230_0224_0053_0053.jpg 1 230 224 53 53
0017_0305_0110_0104_0104.jpg 1 305 110 104 104
0018_0070_0046_0050_0050.jpg 1 70 46 50 50
0019_0120_0027_0104_0104.jpg 1 120 27 104 104
0020_0117_0190_0121_0121.jpg 1 117 190 121 121
0021_0047_0066_0112_0112.jpg 1 47 66 112 112
0022_0127_0106_0118_0118.jpg 1 127 106 118 118
