0001_0112_0062_0092_0092.jpg 1 112 62 92 92
0002_0014_0041_0140_0140.jpg 1 14 41 140 140
0003_0161_0143_0061_0061.jpg 1 161 143 61 61
0004_0156_0007_0112_0112.jpg 1 156 7 112 112
0005_0205_0274_0126_0126.jpg 1 205 274 126 126
0006_0060_0430_0086_0086.jpg 1 60 430 86 86
0007_0069_0022_0149_0149.jpg 1 69 22 149 149
0008_0136_0101_0115_0115.jpg 1 136 101 115 115
0009_0087_0025_0053_0053.jpg 1 87 25 53 53
0010_0295_0423_0085_0085.jpg 1 295 423 85 85
0011_0201_0252_0067_0067.jpg 1 201 252 67 67
0012_0086_0095_0083_0083.jpg 1 86 95 83 83
0013_0128_0169_0140_0140.jpg 1 128 169 140 140
0014_0243_0053_0143_0143.jpg 1 243 53 143 143
0015_0068_0122_0050_0050.jpg 1 68 122 50 50
0016_0125_0015_0097_0097.jpg 1 125 15 97 97
0017_0458_0095_0097_0097.jpg 1 458 95 97 97
0018_0387_0215_0055_0055.jpg 1 387 215 55 55
0019_0197_0357_0069_0069.jpg 1 197 357 69 69
0020_0023_0137_0077_0077.jpg 1 23 137 77 77
0021_0266_0090_0131_0131.jpg 1 266 90 131 131
0022_0059_0055_0124_0124.jpg 1 59 55 124 124
