0001_0045_0031_0133_0133.jpg 1 45 31 133 133
0002_0061_0131_0080_0080.jpg 1 61 131 80 80
0003_0070_0062_0116_0116.jpg 1 70 62 116 116
0004_0038_0122_0070_0070.jpg 1 38 122 70 70
0005_0141_0117_0082_0082.jpg 1 141 117 82 82
0006_0231_0309_0108_0108.jpg 1 231 309 108 108
0007_0064_0062_0115_0115.jpg 1 64 62 115 115
0008_0058_0085_0139_0139.jpg 1 58 85 139 139
0009_0102_0066_0096_0096.jpg 1 102 66 96 96
0010_0143_0059_0117_0117.jpg 1 143 59 117 117
0011_0116_0186_0072_0072.jpg 1 116 186 72 72
0012_0040_0054_0150_0150.jpg 1 40 54 150 150
0013_0098_0139_0075_0075.jpg 1 98 139 75 75
0014_0193_0179_0130_0130.jpg 1 193 179 130 130
0015_0130_0100_0092_0092.jpg 1 130 100 92 92
0016_0264_0449_0105_0105.jpg 1 264 449 105 105
0017_0062_0150_0049_0049.jpg 1 62 150 49 49
0018_0325_0106_0081_0081.jpg 1 325 106 81 81
0019_0306_0350_0070_0070.jpg 1 306 350 70 70
0020_0093_0156_0053_0053.jpg 1 93 156 53 53
0021_0121_0246_0077_0077.jpg 1 121 246 77 77
0022_0082_0119_0114_0114.jpg 1 82 119 114 114
