0001_0156_0016_0133_0133.jpg 1 156 16 133 133
0002_0040_0053_0127_0127.jpg 1 40 53 127 127
0003_0120_0013_0133_0133.jpg 1 120 13 133 133
0004_0284_0100_0082_0082.jpg 1 284 100 82 82
0005_0226_0134_0155_0155.jpg 1 226 134 155 155
0006_0173_0107_0058_0058.jpg 1 173 107 58 58
0007_0067_0158_0052_0052.jpg 1 67 158 52 52
0008_0101_0050_0075_0075.jpg 1 101 50 75 75
0009_0127_0051_0166_0166.jpg 1 127 51 166 166
0010_0111_0078_0066_0066.jpg 1 111 78 66 66
0011_0045_0096_0105_0105.jpg 1 45 96 105 105
0012_0225_0185_0085_0085.jpg 1 225 185 85 85
0013_0027_0095_0073_0073.jpg 1 27 95 73 73
0014_0019_0017_0164_0164.jpg 1 19 17 164 164
0015_0217_0187_0103_0103.jpg 1 217 187 103 103
0016_0035_0050_0146_0146.jpg 1 35 50 146 146
0017_0209_0072_0167_0167.jpg 1 209 72 167 167
0018_0018_0102_0059_0059.jpg 1 18 102 59 59
0019_0057_0065_0102_0102.jpg 1 57 65 102 102
0020_0145_0294_0126_0126.jpg 1 145 294 126 126
0021_0112_0017_0121_0121.jpg 1 112 17 121 121
0022_0356_0176_0110_0110.jpg 1 356 176 110 110
