0001_0067_0081_0108_0108.jpg 1 67 81 108 108
0002_0131_0247_0164_0164.jpg 1 131 247 164 164
0003_0059_0104_0078_0078.jpg 1 59 104 78 78
0004_0030_0018_0096_0096.jpg 1 30 18 96 96
0005_0046_0138_0166_0166.jpg 1 46 138 166 166
0006_0091_0011_0158_0158.jpg 1 91 11 158 158
0007_0423_0172_0137_0137.jpg 1 423 172 137 137
0008_0133_0078_0062_0062.jpg 1 133 78 62 62
0009_0205_0228_0121_0121.jpg 1 205 228 121 121
0010_0334_0047_0148_0148.jpg 1 334 47 148 148
0011_0425_0056_0133_0133.jpg 1 425 56 133 133
0012_0088_0036_0096_0096.jpg 1 88 36 96 96
0013_0132_0226_0085_0085.jpg 1 132 226 85 85
0014_0062_0091_0152_0152.jpg 1 62 91 152 152
0015_0054_0028_0087_0087.jpg 1 54 28 87 87
0016_0021_0070_0135_0135.jpg 1 21 70 135 135
0017_0003_0069_0148_0148.jpg 1 3 69 148 148
0018_0283_0105_0075_0075.jpg 1 283 105 75 75
0019_0067_0076_0055_0055.jpg 1 67 76 55 55
0020_0033_0118_0065_0065.jpg 1 33 118 65 65
0021_0349_0155_0048_0048.jpg 1 349 155 48 48
0022_0017_0128_0092_0092.jpg 1 17 128 92 92
