0001_0086_0028_0048_0048.jpg 1 86 28 48 48
0002_0024_0051_0155_0155.jpg 1 24 51 155 155
0003_0057_0071_0129_0129.jpg 1 57 71 129 129
0004_0093_0298_0082_0082.jpg 1 93 298 82 82
0005_0120_0084_0142_0142.jpg 1 120 84 142 142
0006_0018_0058_0148_0148.jpg 1 18 58 148 148
0007_0066_0201_0166_0166.jpg 1 66 201 166 166
0008_0179_0107_0139_0139.jpg 1 179 107 139 139
0009_0459_0253_0083_0083.jpg 1 459 253 83 83
0010_0453_0277_0106_0106.jpg 1 453 277 106 106
0011_0083_0060_0081_0081.jpg 1 83 60 81 81
0012_0126_0172_0105_0105.jpg 1 126 172 105 105
0013_0011_0090_0133_0133.jpg 1 11 90 133 133
0014_0005_0077_0106_0106.jpg 1 5 77 106 106
0015_0066_0013_0119_0119.jpg 1 66 13 119 119
0016_0224_0208_0127_0127.jpg 1 224 208 127 127
0017_0132_0062_0104_0104.jpg 1 132 62 104 104
0018_0153_0086_0066_0066.jpg 1 153 86 66 66
0019_0067_0116_0101_0101.jpg 1 67 116 101 101
0020_0389_0178_0124_0124.jpg 1 389 178 124 124
0021_0178_0365_0151_0151.jpg 1 178 365 151 151
0022_0056_0026_0094_0094.jpg 1 56 26 94 94
