0001_0219_0148_0060_0060.jpg 1 219 148 60 60
0002_0106_0099_0120_0120.jpg 1 106 99 120 120
0003_0122_0039_0067_0067.jpg 1 122 39 67 67
0004_0108_0058_0090_0090.jpg 1 108 58 90 90
0005_0129_0028_0055_0055.jpg 1 129 28 55 55
0006_0295_0219_0122_0122.jpg 1 295 219 122 122
0007_0322_0112_0066_0066.jpg 1 322 112 66 66
0008_0240_0295_0065_0065.jpg 1 240 295 65 65
0009_0105_0080_0150_0150.jpg 1 105 80 150 150
0010_0450_0095_0068_0068.jpg 1 450 95 68 68
0011_0122_0124_0084_0084.jpg 1 122 124 84 84
0012_0037_0037_0145_0145.jpg 1 37 37 145 145
0013_0327_0084_0151_0151.jpg 1 327 84 151 151
0014_0052_0055_0130_0130.jpg 1 52 55 130 130
0015_0080_0203_0144_0144.jpg 1 80 203 144 144
0016_0387_0165_0122_0122.jpg 1 387 165 122 122
0017_0434_0135_0138_0138.jpg 1 434 135 138 138
0018_0064_0184_0089_0089.jpg 1 64 184 89 89
0019_0145_0108_0071_0071.jpg 1 145 108 71 71
0020_0262_0133_0098_0098.jpg 1 262 133 98 98
0021_0187_0126_0085_0085.jpg 1 187 126 85 85
0022_0104_0073_0123_0123.jpg 1 104 73 123 123
