0001_0050_0101_0097_0097.jpg 1 50 101 97 97
0002_0451_0169_0119_0119.jpg 1 451 169 119 119
0003_0142_0132_0065_0065.jpg 1 142 132 65 65
0004_0030_0027_0105_0105.jpg 1 30 27 105 105
0005_0206_0122_0051_0051.jpg 1 206 122 51 51
0006_0258_0318_0088_0088.jpg 1 258 318 88 88
0007_0031_0064_0073_0073.jpg 1 31 64 73 73
0008_0124_0070_0098_0098.jpg 1 124 70 98 98
0009_0084_0131_0090_0090.jpg 1 84 131 90 90
0010_0144_0086_0063_0063.jpg 1 144 86 63 63
0011_0085_0039_0079_0079.jpg 1 85 39 79 79
0012_0154_0129_0082_0082.jpg 1 154 129 82 82
0013_0080_0124_0082_0082.jpg 1 80 124 82 82
0014_0224_0094_0072_0072.jpg 1 224 94 72 72
0015_0446_0055_0073_0073.jpg 1 446 55 73 73
0016_0161_0125_0048_0048.jpg 1 161 125 48 48
0017_0253_0209_0111_0111.jpg 1 253 209 111 111
0018_0066_0096_0069_0069.jpg 1 66 96 69 69
0019_0016_0104_0090_0090.jpg 1 16 104 90 90
0020_0168_0113_0091_0091.jpg 1 168 113 91 91
0021_0157_0075_0056_0056.jpg 1 157 75 56 56
0022_0084_0094_0071_0071.jpg 1 84 94 71 71
