0001_0044_0012_0119_0119.jpg 1 44 12 119 119
0002_0293_0277_0115_0115.jpg 1 293 277 115 115
0003_0249_0238_0160_0160.jpg 1 249 238 160 160
0004_0065_0195_0109_0109.jpg 1 65 195 109 109
0005_0042_0242_0063_0063.jpg 1 42 242 63 63
0006_0480_0336_0104_0104.jpg 1 480 336 104 104
0007_0016_0073_0108_0108.jpg 1 16 73 108 108
0008_0276_0158_0145_0145.jpg 1 276 158 145 145
0009_0349_0341_0062_0062.jpg 1 349 341 62 62
0010_0035_0040_0150_0150.jpg 1 35 40 150 150
0011_0428_0075_0111_0111.jpg 1 428 75 111 111
0012_0451_0213_0121_0121.jpg 1 451 213 121 121
0013_0091_0105_0059_0059.jpg 1 91 105 59 59
0014_0091_0333_0095_0095.jpg 1 91 333 95 95
0015_0278_0078_0156_0156.jpg 1 278 78 156 156
0016_0094_0070_0078_0078.jpg 1 94 70 78 78
0017_0030_0013_0148_0148.jpg 1 30 13 148 148
0018_0358_0309_0134_0134.jpg 1 358 309 134 134
0019_0027_0008_0162_0162.jpg 1 27 8 162 162
0020_0040_0360_0077_0077.jpg 1 40 360 77 77
0021_0119_0018_0124_0124.jpg 1 119 18 124 124
0022_0352_0117_0155_0155.jpg 1 352 117 155 155
