0001_0072_0058_0156_0156.jpg 1 72 58 156 156
0002_0197_0303_0123_0123.jpg 1 197 303 123 123
0003_0017_0045_0159_0159.jpg 1 17 45 159 159
0004_0033_0050_0145_0145.jpg 1 33 50 145 145
0005_0043_0146_0075_0075.jpg 1 43 146 75 75
0006_0338_0286_0121_0121.jpg 1 338 286 121 121
0007_0064_0042_0151_0151.jpg 1 64 42 151 151
0008_0351_0122_0103_0103.jpg 1 351 122 103 103
0009_0187_0308_0129_0129.jpg 1 187 308 129 129
0010_0154_0111_0082_0082.jpg 1 154 111 82 82
0011_0042_0095_0124_0124.jpg 1 42 95 124 124
0012_0017_0083_0099_0099.jpg 1 17 83 99 99
0013_0379_0304_0140_0140.jpg 1 379 304 140 140
0014_0093_0012_0140_0140.jpg 1 93 12 140 140
0015_0324_0195_0159_0159.jpg 1 324 195 159 159
0016_0362_0230_0115_0115.jpg 1 362 230 115 115
0017_0374_0215_0152_0152.jpg 1 374 215 152 152
0018_0318_0297_0130_0130.jpg 1 318 297 130 130
0019_0056_0219_0134_0134.jpg 1 56 219 134 134
0020_0025_0028_0136_0136.jpg 1 25 28 136 136
0021_0144_0098_0086_0086.jpg 1 144 98 86 86
0022_0144_0055_0090_0090.jpg 1 144 55 90 90
