0001_0028_0038_0081_0081.jpg 1 28 38 81 81
0002_0386_0267_0049_0049.jpg 1 386 267 49 49
0003_0418_0179_0079_0079.jpg 1 418 179 79 79
0004_0069_0077_0111_0111.jpg 1 69 77 111 111
0005_0284_0343_0049_0049.jpg 1 284 343 49 49
0006_0104_0272_0099_0099.jpg 1 104 272 99 99
0007_0467_0176_0056_0056.jpg 1 467 176 56 56
0008_0292_0210_0097_0097.jpg 1 292 210 97 97
0009_0023_0140_0072_0072.jpg 1 23 140 72 72
0010_0204_0274_0108_0108.jpg 1 204 274 108 108
0011_0327_0129_0075_0075.jpg 1 327 129 75 75
0012_0396_0211_0090_0090.jpg 1 396 211 90 90
0013_0141_0073_0109_0109.jpg 1 141 73 109 109
0014_0337_0059_0073_0073.jpg 1 337 59 73 73
0015_0035_0100_0118_0118.jpg 1 35 100 118 118
0016_0015_0095_0116_0116.jpg 1 15 95 116 116
0017_0067_0167_0078_0078.jpg 1 67 167 78 78
0018_0208_0104_0065_0065.jpg 1 208 104 65 65
0019_0075_0127_0096_0096.jpg 1 75 127 96 96
0020_0330_0284_0103_0103.jpg 1 330 284 103 103
0021_0035_0114_0098_0098.jpg 1 35 114 98 98
0022_0067_0129_0083_0083.jpg 1 67 129 83 83
