0001_0149_0058_0101_0101.jpg 1 149 58 101 101
0002_0082_0023_0068_0068.jpg 1 82 23 68 68
0003_0048_0053_0114_0114.jpg 1 48 53 114 114
0004_0123_0040_0108_0108.jpg 1 123 40 108 108
0005_0104_0088_0078_0078.jpg 1 104 88 78 78
0006_0377_0205_0053_0053.jpg 1 377 205 53 53
0007_0292_0256_0110_0110.jpg 1 292 256 110 110
0008_0082_0307_0077_0077.jpg 1 82 307 77 77
0009_0092_0085_0057_0057.jpg 1 92 85 57 57
0010_0389_0161_0105_0105.jpg 1 389 161 105 105
0011_0065_0096_0079_0079.jpg 1 65 96 79 79
0012_0055_0030_0061_0061.jpg 1 55 30 61 61
0013_0219_0096_0090_0090.jpg 1 219 96 90 90
0014_0107_0448_0068_0068.jpg 1 107 448 68 68
0015_0099_0325_0056_0056.jpg 1 99 325 56 56
0016_0044_0016_0121_0121.jpg 1 44 16 121 121
0017_0388_0283_0119_0119.jpg 1 388 283 119 119
0018_0089_0047_0101_0101.jpg 1 89 47 101 101
0019_0070_0137_0067_0067.jpg 1 70 137 67 67
0020_0169_0032_0120_0120.jpg 1 169 32 120 120
0021_0194_0364_0073_0073.jpg 1 194 364 73 73
0022_0154_0082_0085_0085.jpg 1 154 82 85 85
