0001_0073_0014_0134_0134.jpg 1 73 14 134 134
0002_0153_0085_0149_0149.jpg 1 153 85 149 149
0003_0318_0177_0082_0082.jpg 1 318 177 82 82
0004_0377_0289_0128_0128.jpg 1 377 289 128 128
0005_0095_0030_0150_0150.jpg 1 95 30 150 150
0006_0086_0022_0150_0150.jpg 1 86 22 150 150
0007_0424_0314_0059_0059.jpg 1 424 314 59 59
0008_0112_0074_0076_0076.jpg 1 112 74 76 76
0009_0350_0219_0049_0049.jpg 1 350 219 49 49
0010_0017_0031_0154_0154.jpg 1 17 31 154 154
0011_0471_0254_0077_0077.jpg 1 471 254 77 77
0012_0081_0022_0093_0093.jpg 1 81 22 93 93
0013_0159_0075_0130_0130.jpg 1 159 75 130 130
0014_0279_0305_0097_0097.jpg 1 279 305 97 97
0015_0041_0013_0137_0137.jpg 1 41 13 137 137
0016_0188_0246_0158_0158.jpg 1 188 246 158 158
0017_0103_0061_0141_0141.jpg 1 103 61 141 141
0018_0147_0029_0111_0111.jpg 1 147 29 111 111
0019_0057_0104_0116_0116.jpg 1 57 104 116 116
0020_0375_0195_0157_0157.jpg 1 375 195 157 157
0021_0089_0093_0126_0126.jpg 1 89 93 126 126
0022_0250_0113_0111_0111.jpg 1 250 113 111 111
