0001_0034_0128_0082_0082.jpg 1 34 128 82 82
0002_0116_0065_0096_0096.jpg 1 116 65 96 96
0003_0319_0299_0130_0130.jpg 1 319 299 130 130
0004_0098_0082_0063_0063.jpg 1 98 82 63 63
0005_0376_0169_0156_0156.jpg 1 376 169 156 156
0006_0065_0068_0152_0152.jpg 1 65 68 152 152
0007_0438_0152_0146_0146.jpg 1 438 152 146 146
0008_0166_0236_0159_0159.jpg 1 166 236 159 159
0009_0214_0318_0152_0152.jpg 1 214 318 152 152
0010_0088_0102_0138_0138.jpg 1 88 102 138 138
0011_0079_0088_0080_0080.jpg 1 79 88 80 80
0012_0010_0084_0144_0144.jpg 1 10 84 144 144
0013_0058_0031_0113_0113.jpg 1 58 31 113 113
0014_0267_0114_0158_0158.jpg 1 267 114 158 158
0015_0425_0059_0161_0161.jpg 1 425 59 161 161
0016_0136_0078_0145_0145.jpg 1 136 78 145 145
0017_0127_0058_0152_0152.jpg 1 127 58 152 152
0018_0077_0043_0136_0136.jpg 1 77 43 136 136
0019_0109_0108_0100_0100.jpg 1 109 108 100 100
0020_0315_0192_0103_0103.jpg 1 315 192 103 103
0021_0053_0330_0053_0053.jpg 1 53 330 53 53
0022_0048_0039_0152_0152.jpg 1 48 39 152 152
