0001_0027_0127_0094_0094.jpg 1 27 127 94 94
0002_0177_0175_0154_0154.jpg 1 177 175 154 154
0003_0020_0014_0159_0159.jpg 1 20 14 159 159
0004_0357_0114_0142_0142.jpg 1 357 114 142 142
0005_0004_0044_0165_0165.jpg 1 4 44 165 165
0006_0335_0105_0067_0067.jpg 1 335 105 67 67
0007_0024_0040_0133_0133.jpg 1 24 40 133 133
0008_0133_0075_0137_0137.jpg 1 133 75 137 137
0009_0186_0269_0149_0149.jpg 1 186 269 149 149
0010_0272_0283_0145_0145.jpg 1 272 283 145 145
0011_0202_0048_0068_0068.jpg 1 202 48 68 68
0012_0057_0095_0049_0049.jpg 1 57 95 49 49
0013_0235_0423_0112_0112.jpg 1 235 423 112 112
0014_0068_0049_0146_0146.jpg 1 68 49 146 146
0015_0187_0068_0106_0106.jpg 1 187 68 106 106
0016_0082_0416_0124_0124.jpg 1 82 416 124 124
0017_0314_0282_0135_0135.jpg 1 314 282 135 135
0018_0224_0151_0099_0099.jpg 1 224 151 99 99
0019_0017_0055_0149_0149.jpg 1 17 55 149 149
0020_0221_0128_0127_0127.jpg 1 221 128 127 127
0021_0216_0132_0166_0166.jpg 1 216 132 166 166
0022_0015_0011_0154_0154.jpg 1 15 11 154 154
