0001_0043_0088_0100_0100.jpg 1 43 88 100 100
0002_0416_0126_0050_0050.jpg 1 416 126 50 50
0003_0060_0358_0058_0058.jpg 1 60 358 58 58
0004_0444_0298_0084_0084.jpg 1 444 298 84 84
0005_0168_0306_0078_0078.jpg 1 168 306 78 78
0006_0223_0113_0080_0080.jpg 1 223 113 80 80
0007_0026_0111_0066_0066.jpg 1 26 111 66 66
0008_0266_0221_0077_0077.jpg 1 266 221 77 77
0009_0201_0041_0088_0088.jpg 1 201 41 88 88
0010_0395_0184_0065_0065.jpg 1 395 184 65 65
0011_0157_0043_0093_0093.jpg 1 157 43 93 93
0012_0410_0168_0056_0056.jpg 1 410 168 56 56
0013_0103_0232_0057_0057.jpg 1 103 232 57 57
0014_0023_0043_0104_0104.jpg 1 23 43 104 104
0015_0041_0049_0057_0057.jpg 1 41 49 57 57
0016_0164_0284_0052_0052.jpg 1 164 284 52 52
0017_0250_0179_0078_0078.jpg 1 250 179 78 78
0018_0088_0059_0073_0073.jpg 1 88 59 73 73
0019_0186_0033_0083_0083.jpg 1 186 33 83 83
0020_0113_0131_0107_0107.jpg 1 113 131 107 107
0021_0236_0052_0053_0053.jpg 1 236 52 53 53
0022_0039_0037_0050_0050.jpg 1 39 37 50 50
