0001_0118_0046_0115_0115.jpg 1 118 46 115 115
0002_0127_0011_0131_0131.jpg 1 127 11 131 131
0003_0322_0058_0160_0160.jpg 1 322 58 160 160
0004_0218_0124_0137_0137.jpg 1 218 124 137 137
0005_0478_0268_0103_0103.jpg 1 478 268 103 103
0006_0272_0244_0160_0160.jpg 1 272 244 160 160
0007_0031_0034_0149_0149.jpg 1 31 34 149 149
0008_0194_0214_0121_0121.jpg 1 194 214 121 121
0009_0020_0097_0112_0112.jpg 1 20 97 112 112
0010_0123_0021_0110_0110.jpg 1 123 21 110 110
0011_0111_0099_0081_0081.jpg 1 111 99 81 81
0012_0020_0106_0106_0106.jpg 1 20 106 106 106
0013_0337_0125_0159_0159.jpg 1 337 125 159 159
0014_0113_0104_0122_0122.jpg 1 113 104 122 122
0015_0428_0275_0051_0051.jpg 1 428 275 51 51
0016_0142_0082_0152_0152.jpg 1 142 82 152 152
0017_0140_0495_0079_0079.jpg 1 140 495 79 79
0018_0498_0083_0082_0082.jpg 1 498 83 82 82
0019_0052_0041_0112_0112.jpg 1 52 41 112 112
0020_0071_0223_0156_0156.jpg 1 71 223 156 156
0021_0324_0174_0067_0067.jpg 1 324 174 67 67
0022_0026_0029_0127_0127.jpg 1 26 29 127 127
