0001_0101_0068_0134_0134.jpg 1 101 68 134 134
0002_0304_0117_0050_0050.jpg 1 304 117 50 50
0003_0045_0096_0129_0129.jpg 1 45 96 129 129
0004_0017_0043_0111_0111.jpg 1 17 43 111 111
0005_0249_0037_0113_0113.jpg 1 249 37 113 113
0006_0017_0082_0119_0119.jpg 1 17 82 119 119
0007_0385_0204_0122_0122.jpg 1 385 204 122 122
0008_0079_0079_0081_0081.jpg 1 79 79 81 81
0009_0200_0039_0078_0078.jpg 1 200 39 78 78
0010_0108_0061_0151_0151.jpg 1 108 61 151 151
0011_0137_0225_0135_0135.jpg 1 137 225 135 135
0012_0073_0080_0058_0058.jpg 1 73 80 58 58
0013_0038_0069_0141_0141.jpg 1 38 69 141 141
0014_0124_0054_0058_0058.jpg 1 124 54 58 58
0015_0096_0091_0124_0124.jpg 1 96 91 124 124
0016_0221_0254_0120_0120.jpg 1 221 254 120 120
0017_0014_0011_0127_0127.jpg 1 14 11 127 127
0018_0062_0033_0128_0128.jpg 1 62 33 128 128
0019_0294_0119_0139_0139.jpg 1 294 119 139 139
0020_0284_0151_0085_0085.jpg 1 284 151 85 85
0021_0065_0027_0146_0146.jpg 1 65 27 146 146
0022_0349_0388_0071_0071.jpg 1 349 388 71 71
