0001_0108_0020_0142_0142.jpg 1 108 20 142 142
0002_0275_0217_0126_0126.jpg 1 275 217 126 126
0003_0416_0203_0127_0127.jpg 1 416 203 127 127
0004_0051_0060_0151_0151.jpg 1 51 60 151 151
0005_0522_0183_0049_0049.jpg 1 522 183 49 49
0006_0343_0250_0144_0144.jpg 1 343 250 144 144
0007_0152_0049_0149_0149.jpg 1 152 49 149 149
0008_0335_0118_0136_0136.jpg 1 335 118 136 136
0009_0450_0096_0114_0114.jpg 1 450 96 114 114
0010_0063_0160_0138_0138.jpg 1 63 160 138 138
0011_0407_0175_0108_0108.jpg 1 407 175 108 108
0012_0267_0077_0063_0063.jpg 1 267 77 63 63
0013_0387_0274_0059_0059.jpg 1 387 274 59 59
0014_0225_0229_0149_0149.jpg 1 225 229 149 149
0015_0181_0028_0057_0057.jpg 1 181 28 57 57
0016_0125_0080_0142_0142.jpg 1 125 80 142 142
0017_0037_0092_0055_0055.jpg 1 37 92 55 55
0018_0279_0104_0081_0081.jpg 1 279 104 81 81
0019_0231_0175_0083_0083.jpg 1 231 175 83 83
0020_0200_0233_0112_0112.jpg 1 200 233 112 112
0021_0080_0099_0108_0108.jpg 1 80 99 108 108
0022_0070_0063_0091_0091.jpg 1 70 63 91 91
