0001_0027_0137_0068_0068.jpg 1 27 137 68 68
0002_0110_0107_0082_0082.jpg 1 110 107 82 82
0003_0154_0176_0080_0080.jpg 1 154 176 80 80
0004_0383_0056_0050_0050.jpg 1 383 56 50 50
0005_0079_0066_0077_0077.jpg 1 79 66 77 77
0006_0056_0084_0071_0071.jpg 1 56 84 71 71
0007_0063_0050_0091_0091.jpg 1 63 50 91 91
0008_0021_0078_0109_0109.jpg 1 21 78 109 109
0009_0262_0259_0081_0081.jpg 1 262 259 81 81
0010_0311_0166_0095_0095.jpg 1 311 166 95 95
0011_0145_0116_0070_0070.jpg 1 145 116 70 70
0012_0087_0051_0056_0056.jpg 1 87 51 56 56
0013_0224_0220_0111_0111.jpg 1 224 220 111 111
0014_0218_0063_0102_0102.jpg 1 218 63 102 102
0015_0220_0324_0109_0109.jpg 1 220 324 109 109
0016_0146_0291_0072_0072.jpg 1 146 291 72 72
0017_0295_0332_0079_0079.jpg 1 295 332 79 79
0018_0144_0373_0062_0062.jpg 1 144 373 62 62
0019_0236_0198_0051_0051.jpg 1 236 198 51 51
0020_0472_0043_0056_0056.jpg 1 472 43 56 56
0021_0089_0060_0109_0109.jpg 1 89 60 109 109
0022_0294_0176_0108_0108.jpg 1 294 176 108 108
