0001_0048_0022_0093_0093.jpg 1 48 22 93 93
0002_0013_0066_0092_0092.jpg 1 13 66 92 92
0003_0118_0392_0049_0049.jpg 1 118 392 49 49
0004_0157_0379_0052_0052.jpg 1 157 379 52 52
0005_0044_0103_0073_0073.jpg 1 44 103 73 73
0006_0274_0314_0049_0049.jpg 1 274 314 49 49
0007_0060_0082_0117_0117.jpg 1 60 82 117 117
0008_0081_0134_0049_0049.jpg 1 81 134 49 49
0009_0039_0053_0082_0082.jpg 1 39 53 82 82
0010_0039_0062_0099_0099.jpg 1 39 62 99 99
0011_0103_0068_0088_0088.jpg 1 103 68 88 88
0012_0098_0048_0065_0065.jpg 1 98 48 65 65
0013_0178_0256_0134_0134.jpg 1 178 256 134 134
0014_0058_0129_0074_0074.jpg 1 58 129 74 74
0015_0079_0287_0096_0096.jpg 1 79 287 96 96
0016_0461_0333_0056_0056.jpg 1 461 333 56 56
0017_0138_0084_0128_0128.jpg 1 138 84 128 128
0018_0051_0021_0093_0093.jpg 1 51 21 93 93
0019_0478_0193_0102_0102.jpg 1 478 193 102 102
0020_0136_0063_0109_0109.jpg 1 136 63 109 109
0021_0198_0133_0068_0068.jpg 1 198 133 68 68
0022_0421_0111_0116_0116.jpg 1 421 111 116 116
