0001_0093_0169_0049_0049.jpg 1 93 169 49 49
0002_0003_0068_0138_0138.jpg 1 3 68 138 138
0003_0171_0046_0056_0056.jpg 1 171 46 56 56
0004_0072_0027_0152_0152.jpg 1 72 27 152 152
0005_0039_0028_0142_0142.jpg 1 39 28 142 142
0006_0022_0090_0132_0132.jpg 1 22 90 132 132
0007_0041_0069_0061_0061.jpg 1 41 69 61 61
0008_0317_0167_0068_0068.jpg 1 317 167 68 68
0009_0071_0085_0088_0088.jpg 1 71 85 88 88
0010_0137_0193_0152_0152.jpg 1 137 193 152 152
0011_0122_0036_0137_0137.jpg 1 122 36 137 137
0012_0115_0084_0089_0089.jpg 1 115 84 89 89
0013_0268_0106_0096_0096.jpg 1 268 106 96 96
0014_0072_0039_0165_0165.jpg 1 72 39 165 165
0015_0317_0235_0110_0110.jpg 1 317 235 110 110
0016_0045_0086_0113_0113.jpg 1 45 86 113 113
0017_0151_0031_0099_0099.jpg 1 151 31 99 99
0018_0048_0031_0148_0148.jpg 1 48 31 148 148
0019_0419_0155_0073_0073.jpg 1 419 155 73 73
0020_0097_0044_0109_0109.jpg 1 97 44 109 109
0021_0164_0282_0137_0137.jpg 1 164 282 137 137
0022_0404_0284_0098_0098.jpg 1 404 284 98 98
