0001_0058_0054_0108_0108.jpg 1 58 54 108 108
0002_0051_0140_0053_0053.jpg 1 51 140 53 53
0003_0320_0161_0139_0139.jpg 1 320 161 139 139
0004_0040_0058_0118_0118.jpg 1 40 58 118 118
0005_0058_0054_0119_0119.jpg 1 58 54 119 119
0006_0042_0046_0086_0086.jpg 1 42 46 86 86
0007_0067_0054_0123_0123.jpg 1 67 54 123 123
0008_0120_0014_0142_0142.jpg 1 120 14 142 142
0009_0040_0014_0137_0137.jpg 1 40 14 137 137
0010_0060_0039_0065_0065.jpg 1 60 39 65 65
0011_0474_0328_0063_0063.jpg 1 474 328 63 63
0012_0177_0282_0114_0114.jpg 1 177 282 114 114
0013_0005_0069_0112_0112.jpg 1 5 69 112 112
0014_0357_0135_0110_0110.jpg 1 357 135 110 110
0015_0251_0215_0136_0136.jpg 1 251 215 136 136
0016_0169_0087_0111_0111.jpg 1 169 87 111 111
0017_0101_0087_0061_0061.jpg 1 101 87 61 61
0018_0012_0076_0123_0123.jpg 1 12 76 123 123
0019_0083_0017_0120_0120.jpg 1 83 17 120 120
0020_0068_0065_0077_0077.jpg 1 68 65 77 77
0021_0050_0079_0050_0050.jpg 1 50 79 50 50
0022_0104_0105_0084_0084.jpg 1 104 105 84 84
