0001_0055_0040_0105_0105.jpg 1 55 40 105 105
0002_0310_0251_0059_0059.jpg 1 310 251 59 59
0003_0036_0138_0058_0058.jpg 1 36 138 58 58
0004_0066_0028_0096_0096.jpg 1 66 28 96 96
0005_0137_0063_0115_0115.jpg 1 137 63 115 115
0006_0147_0096_0070_0070.jpg 1 147 96 70 70
0007_0388_0269_0131_0131.jpg 1 388 269 131 131
0008_0122_0060_0123_0123.jpg 1 122 60 123 123
0009_0197_0077_0101_0101.jpg 1 197 77 101 101
0010_0156_0049_0052_0052.jpg 1 156 49 52 52
0011_0024_0098_0084_0084.jpg 1 24 98 84 84
0012_0228_0197_0123_0123.jpg 1 228 197 123 123
0013_0257_0209_0122_0122.jpg 1 257 209 122 122
0014_0164_0102_0081_0081.jpg 1 164 102 81 81
0015_0455_0314_0074_0074.jpg 1 455 314 74 74
0016_0433_0121_0106_0106.jpg 1 433 121 106 106
0017_0067_0275_0114_0114.jpg 1 67 275 114 114
0018_0024_0017_0144_0144.jpg 1 24 17 144 144
0019_0283_0277_0112_0112.jpg 1 283 277 112 112
0020_0467_0250_0108_0108.jpg 1 467 250 108 108
0021_0194_0109_0055_0055.jpg 1 194 109 55 55
0022_0303_0044_0113_0113.jpg 1 303 44 113 113
