0001_0071_0028_0167_0167.jpg 1 71 28 167 167
0002_0131_0084_0087_0087.jpg 1 131 84 87 87
0003_0402_0162_0052_0052.jpg 1 402 162 52 52
0004_0086_0172_0083_0083.jpg 1 86 172 83 83
0005_0201_0079_0083_0083.jpg 1 201 79 83 83
0006_0482_0154_0055_0055.jpg 1 482 154 55 55
0007_0144_0164_0133_0133.jpg 1 144 164 133 133
0008_0359_0277_0167_0167.jpg 1 359 277 167 167
0009_0168_0159_0123_0123.jpg 1 168 159 123 123
0010_0230_0225_0125_0125.jpg 1 230 225 125 125
0011_0095_0087_0073_0073.jpg 1 95 87 73 73
0012_0285_0085_0133_0133.jpg 1 285 85 133 133
0013_0299_0118_0123_0123.jpg 1 299 118 123 123
0014_0155_0134_0123_0123.jpg 1 155 134 123 123
0015_0339_0107_0069_0069.jpg 1 339 107 69 69
0016_0229_0294_0127_0127.jpg 1 229 294 127 127
0017_0213_0150_0150_0150.jpg 1 213 150 150 150
0018_0132_0039_0093_0093.jpg 1 132 39 93 93
0019_0328_0187_0120_0120.jpg 1 328 187 120 120
0020_0198_0210_0093_0093.jpg 1 198 210 93 93
0021_0123_0050_0130_0130.jpg 1 123 50 130 130
0022_0284_0119_0163_0163.jpg 1 284 119 163 163
