0001_0024_0142_0069_0069.jpg 1 24 142 69 69
0002_0028_0039_0079_0079.jpg 1 28 39 79 79
0003_0114_0145_0062_0062.jpg 1 114 145 62 62
0004_0031_0059_0061_0061.jpg 1 31 59 61 61
0005_0096_0058_0108_0108.jpg 1 96 58 108 108
0006_0051_0089_0091_0091.jpg 1 51 89 91 91
0007_0194_0324_0101_0101.jpg 1 194 324 101 101
0008_0340_0310_0087_0087.jpg 1 340 310 87 87
0009_0169_0041_0070_0070.jpg 1 169 41 70 70
0010_0280_0079_0063_0063.jpg 1 280 79 63 63
0011_0089_0132_0056_0056.jpg 1 89 132 56 56
0012_0207_0226_0070_0070.jpg 1 207 226 70 70
0013_0037_0039_0062_0062.jpg 1 37 39 62 62
0014_0107_0116_0086_0086.jpg 1 107 116 86 86
0015_0224_0061_0052_0052.jpg 1 224 61 52 52
0016_0249_0189_0061_0061.jpg 1 249 189 61 61
0017_0146_0066_0079_0079.jpg 1 146 66 79 79
0018_0074_0021_0062_0062.jpg 1 74 21 62 62
0019_0133_0078_0077_0077.jpg 1 133 78 77 77
0020_0209_0056_0096_0096.jpg 1 209 56 96 96
0021_0246_0170_0095_0095.jpg 1 246 170 95 95
0022_0139_0075_0063_0063.jpg 1 139 75 63 63
