0001_0178_0013_0120_0120.jpg 1 178 13 120 120
0002_0027_0033_0124_0124.jpg 1 27 33 124 124
0003_0168_0080_0098_0098.jpg 1 168 80 98 98
0004_0353_0248_0070_0070.jpg 1 353 248 70 70
0005_0037_0023_0097_0097.jpg 1 37 23 97 97
0006_0391_0077_0123_0123.jpg 1 391 77 123 123
0007_0407_0102_0128_0128.jpg 1 407 102 128 128
0008_0104_0145_0112_0112.jpg 1 104 145 112 112
0009_0083_0026_0097_0097.jpg 1 83 26 97 97
0010_0353_0148_0115_0115.jpg 1 353 148 115 115
0011_0110_0108_0125_0125.jpg 1 110 108 125 125
0012_0043_0113_0082_0082.jpg 1 43 113 82 82
0013_0024_0036_0141_0141.jpg 1 24 36 141 141
0014_0218_0290_0138_0138.jpg 1 218 290 138 138
0015_0326_0188_0091_0091.jpg 1 326 188 91 91
0016_0310_0075_0080_0080.jpg 1 310 75 80 80
0017_0024_0057_0125_0125.jpg 1 24 57 125 125
0018_0051_0043_0051_0051.jpg 1 51 43 51 51
0019_0127_0225_0139_0139.jpg 1 127 225 139 139
0020_0130_0275_0109_0109.jpg 1 130 275 109 109
0021_0152_0012_0139_0139.jpg 1 152 12 139 139
0022_0058_0025_0096_0096.jpg 1 58 25 96 96
