0001_0043_0061_0164_0164.jpg 1 43 61 164 164
0002_0110_0053_0122_0122.jpg 1 110 53 122 122
0003_0234_0045_0074_0074.jpg 1 234 45 74 74
0004_0214_0243_0145_0145.jpg 1 214 243 145 145
0005_0412_0059_0062_0062.jpg 1 412 59 62 62
0006_0083_0109_0151_0151.jpg 1 83 109 151 151
0007_0038_0021_0154_0154.jpg 1 38 21 154 154
0008_0369_0271_0116_0116.jpg 1 369 271 116 116
0009_0118_0248_0142_0142.jpg 1 118 248 142 142
0010_0408_0214_0136_0136.jpg 1 408 214 136 136
0011_0104_0071_0107_0107.jpg 1 104 71 107 107
0012_0226_0394_0165_0165.jpg 1 226 394 165 165
0013_0055_0058_0143_0143.jpg 1 55 58 143 143
0014_0129_0078_0051_0051.jpg 1 129 78 51 51
0015_0057_0067_0140_0140.jpg 1 57 67 140 140
0016_0218_0033_0152_0152.jpg 1 218 33 152 152
0017_0159_0091_0095_0095.jpg 1 159 91 95 95
0018_0015_0038_0084_0084.jpg 1 15 38 84 84
0019_0237_0042_0144_0144.jpg 1 237 42 144 144
0020_0251_0066_0162_0162.jpg 1 251 66 162 162
0021_0112_0014_0125_0125.jpg 1 112 14 125 125
0022_0075_0019_0108_0108.jpg 1 75 19 108 108
