0001_0041_0042_0135_0135.jpg 1 41 42 135 135
0002_0041_0097_0092_0092.jpg 1 41 97 92 92
0003_0469_0072_0097_0097.jpg 1 469 72 97 97
0004_0180_0061_0097_0097.jpg 1 180 61 97 97
0005_0033_0032_0135_0135.jpg 1 33 32 135 135
0006_0055_0078_0066_0066.jpg 1 55 78 66 66
0007_0355_0189_0141_0141.jpg 1 355 189 141 141
0008_0115_0026_0155_0155.jpg 1 115 26 155 155
0009_0010_0083_0135_0135.jpg 1 10 83 135 135
0010_0094_0169_0049_0049.jpg 1 94 169 49 49
0011_0241_0035_0149_0149.jpg 1 241 35 149 149
0012_0232_0066_0111_0111.jpg 1 232 66 111 111
0013_0366_0355_0053_0053.jpg 1 366 355 53 53
0014_0056_0063_0154_0154.jpg 1 56 63 154 154
0015_0150_0043_0134_0134.jpg 1 150 43 134 134
0016_0010_0091_0077_0077.jpg 1 10 91 77 77
0017_0215_0104_0073_0073.jpg 1 215 104 73 73
0018_0415_0092_0119_0119.jpg 1 415 92 119 119
0019_0056_0316_0061_0061.jpg 1 56 316 61 61
0020_0028_0089_0135_0135.jpg 1 28 89 135 135
0021_0123_0203_0131_0131.jpg 1 123 203 131 131
0022_0030_0069_0102_0102.jpg 1 30 69 102 102
