0001_0146_0028_0052_0052.jpg 1 146 28 52 52
0002_0025_0028_0105_0105.jpg 1 25 28 105 105
0003_0027_0028_0109_0109.jpg 1 27 28 109 109
0004_0471_0053_0065_0065.jpg 1 471 53 65 65
0005_0187_0083_0059_0059.jpg 1 187 83 59 59
0006_0073_0237_0085_0085.jpg 1 73 237 85 85
0007_0368_0330_0081_0081.jpg 1 368 330 81 81
0008_0063_0114_0107_0107.jpg 1 63 114 107 107
0009_0222_0334_0053_0053.jpg 1 222 334 53 53
0010_0336_0265_0107_0107.jpg 1 336 265 107 107
0011_0057_0056_0092_0092.jpg 1 57 56 92 92
0012_0061_0156_0050_0050.jpg 1 61 156 50 50
0013_0186_0243_0049_0049.jpg 1 186 243 49 49
0014_0115_0113_0074_0074.jpg 1 115 113 74 74
0015_0027_0075_0107_0107.jpg 1 27 75 107 107
0016_0335_0238_0106_0106.jpg 1 335 238 106 106
0017_0197_0460_0054_0054.jpg 1 197 460 54 54
0018_0120_0139_0107_0107.jpg 1 120 139 107 107
0019_0227_0057_0104_0104.jpg 1 227 57 104 104
0020_0214_0092_0065_0065.jpg 1 214 92 65 65
0021_0435_0238_0085_0085.jpg 1 435 238 85 85
0022_0184_0244_0084_0084.jpg 1 184 244 84 84
