0001_0009_0061_0112_0112.jpg 1 9 61 112 112
0002_0140_0069_0127_0127.jpg 1 140 69 127 127
0003_0146_0088_0070_0070.jpg 1 146 88 70 70
0004_0268_0318_0105_0105.jpg 1 268 318 105 105
0005_0092_0086_0052_0052.jpg 1 92 86 52 52
0006_0257_0109_0071_0071.jpg 1 257 109 71 71
0007_0049_0194_0102_0102.jpg 1 49 194 102 102
0008_0283_0178_0081_0081.jpg 1 283 178 81 81
0009_0083_0094_0079_0079.jpg 1 83 94 79 79
0010_0025_0154_0058_0058.jpg 1 25 154 58 58
0011_0144_0042_0059_0059.jpg 1 144 42 59 59
0012_0036_0132_0088_0088.jpg 1 36 132 88 88
0013_0125_0172_0109_0109.jpg 1 125 172 109 109
0014_0126_0018_0113_0113.jpg 1 126 18 113 113
0015_0133_0119_0067_0067.jpg 1 133 119 67 67
0016_0258_0195_0072_0072.jpg 1 258 195 72 72
0017_0112_0057_0053_0053.jpg 1 112 57 53 53
0018_0119_0082_0125_0125.jpg 1 119 82 125 125
0019_0290_0253_0120_0120.jpg 1 290 253 120 120
0020_0138_0344_0092_0092.jpg 1 138 344 92 92
0021_0101_0064_0095_0095.jpg 1 101 64 95 95
0022_0032_0042_0124_0124.jpg 1 32 42 124 124
