0001_0177_0018_0066_0066.jpg 1 177 18 66 66
0002_0320_0047_0064_0064.jpg 1 320 47 64 64
0003_0057_0037_0120_0120.jpg 1 57 37 120 120
0004_0413_0202_0064_0064.jpg 1 413 202 64 64
0005_0170_0073_0111_0111.jpg 1 170 73 111 111
0006_0370_0242_0109_0109.jpg 1 370 242 109 109
0007_0056_0076_0081_0081.jpg 1 56 76 81 81
0008_0152_0019_0106_0106.jpg 1 152 19 106 106
0009_0268_0320_0062_0062.jpg 1 268 320 62 62
0010_0083_0108_0087_0087.jpg 1 83 108 87 87
0011_0089_0020_0087_0087.jpg 1 89 20 87 87
0012_0343_0316_0074_0074.jpg 1 343 316 74 74
0013_0064_0138_0080_0080.jpg 1 64 138 80 80
0014_0081_0050_0104_0104.jpg 1 81 50 104 104
0015_0038_0119_0072_0072.jpg 1 38 119 72 72
0016_0015_0088_0094_0094.jpg 1 15 88 94 94
0017_0005_0022_0076_0076.jpg 1 5 22 76 76
0018_0427_0340_0096_0096.jpg 1 427 340 96 96
0019_0044_0092_0071_0071.jpg 1 44 92 71 71
0020_0307_0375_0101_0101.jpg 1 307 375 101 101
0021_0273_0115_0118_0118.jpg 1 273 115 118 118
0022_0189_0024_0104_0104.jpg 1 189 24 104 104
