0001_0136_0103_0084_0084.jpg 1 136 103 84 84
0002_0139_0065_0152_0152.jpg 1 139 65 152 152
0003_0055_0077_0149_0149.jpg 1 55 77 149 149
0004_0360_0205_0146_0146.jpg 1 360 205 146 146
0005_0272_0292_0120_0120.jpg 1 272 292 120 120
0006_0119_0068_0088_0088.jpg 1 119 68 88 88
0007_0160_0135_0167_0167.jpg 1 160 135 167 167
0008_0201_0277_0103_0103.jpg 1 201 277 103 103
0009_0055_0319_0140_0140.jpg 1 55 319 140 140
0010_0104_0107_0098_0098.jpg 1 104 107 98 98
0011_0140_0061_0163_0163.jpg 1 140 61 163 163
0012_0086_0065_0161_0161.jpg 1 86 65 161 161
0013_0074_0033_0160_0160.jpg 1 74 33 160 160
0014_0118_0233_0164_0164.jpg 1 118 233 164 164
0015_0103_0398_0059_0059.jpg 1 103 398 59 59
0016_0035_0046_0121_0121.jpg 1 35 46 121 121
0017_0023_0057_0114_0114.jpg 1 23 57 114 114
0018_0202_0182_0166_0166.jpg 1 202 182 166 166
0019_0068_0445_0085_0085.jpg 1 68 445 85 85
0020_0006_0022_0147_0147.jpg 1 6 22 147 147
0021_0017_0073_0103_0103.jpg 1 17 73 103 103
0022_0291_0484_0064_0064.jpg 1 291 484 64 64
