0001_0140_0081_0083_0083.jpg 1 140 81 83 83
0002_0388_0123_0148_0148.jpg 1 388 123 148 148
0003_0110_0294_0108_0108.jpg 1 110 294 108 108
0004_0033_0071_0094_0094.jpg 1 33 71 94 94
0005_0039_0066_0113_0113.jpg 1 39 66 113 113
0006_0060_0030_0153_0153.jpg 1 60 30 153 153
0007_0376_0247_0123_0123.jpg 1 376 247 123 123
0008_0110_0101_0140_0140.jpg 1 110 101 140 140
0009_0135_0016_0084_0084.jpg 1 135 16 84 84
0010_0119_0061_0093_0093.jpg 1 119 61 93 93
0011_0330_0215_0107_0107.jpg 1 330 215 107 107
0012_0052_0095_0088_0088.jpg 1 52 95 88 88
0013_0172_0064_0055_0055.jpg 1 172 64 55 55
0014_0040_0097_0125_0125.jpg 1 40 97 125 125
0015_0049_0033_0113_0113.jpg 1 49 33 113 113
0016_0198_0301_0052_0052.jpg 1 198 301 52 52
0017_0030_0068_0120_0120.jpg 1 30 68 120 120
0018_0153_0098_0078_0078.jpg 1 153 98 78 78
0019_0025_0083_0087_0087.jpg 1 25 83 87 87
0020_0029_0033_0139_0139.jpg 1 29 33 139 139
0021_0420_0188_0100_0100.jpg 1 420 188 100 100
0022_0367_0305_0105_0105.jpg 1 367 305 105 105
