0001_0144_0044_0070_0070.jpg 1 144 44 70 70
0002_0175_0190_0100_0100.jpg 1 175 190 100 100
0003_0037_0082_0100_0100.jpg 1 37 82 100 100
0004_0042_0091_0122_0122.jpg 1 42 91 122 122
0005_0013_0073_0097_0097.jpg 1 13 73 97 97
0006_0119_0098_0098_0098.jpg 1 119 98 98 98
0007_0088_0139_0104_0104.jpg 1 88 139 104 104
0008_0081_0087_0085_0085.jpg 1 81 87 85 85
0009_0155_0012_0140_0140.jpg 1 155 12 140 140
0010_0016_0080_0141_0141.jpg 1 16 80 141 141
0011_0292_0301_0048_0048.jpg 1 292 301 48 48
0012_0039_0115_0065_0065.jpg 1 39 115 65 65
0013_0149_0036_0123_0123.jpg 1 149 36 123 123
0014_0181_0082_0101_0101.jpg 1 181 82 101 101
0015_0467_0158_0061_0061.jpg 1 467 158 61 61
0016_0053_0088_0140_0140.jpg 1 53 88 140 140
0017_0011_0055_0115_0115.jpg 1 11 55 115 115
0018_0176_0287_0097_0097.jpg 1 176 287 97 97
0019_0274_0382_0053_0053.jpg 1 274 382 53 53
0020_0069_0076_0115_0115.jpg 1 69 76 115 115
0021_0059_0113_0053_0053.jpg 1 59 113 53 53
0022_0268_0353_0067_0067.jpg 1 268 353 67 67
