0001_0055_0033_0107_0107.jpg 1 55 33 107 107
0002_0152_0267_0131_0131.jpg 1 152 267 131 131
0003_0241_0386_0156_0156.jpg 1 241 386 156 156
0004_0067_0070_0061_0061.jpg 1 67 70 61 61
0005_0048_0002_0167_0167.jpg 1 48 2 167 167
0006_0144_0108_0062_0062.jpg 1 144 108 62 62
0007_0204_0224_0129_0129.jpg 1 204 224 129 129
0008_0364_0148_0142_0142.jpg 1 364 148 142 142
0009_0183_0052_0048_0048.jpg 1 183 52 48 48
0010_0067_0038_0150_0150.jpg 1 67 38 150 150
0011_0064_0087_0088_0088.jpg 1 64 87 88 88
0012_0479_0288_0073_0073.jpg 1 479 288 73 73
0013_0205_0239_0155_0155.jpg 1 205 239 155 155
0014_0315_0237_0087_0087.jpg 1 315 237 87 87
0015_0091_0036_0157_0157.jpg 1 91 36 157 157
0016_0218_0045_0050_0050.jpg 1 218 45 50 50
0017_0438_0036_0148_0148.jpg 1 438 36 148 148
0018_0088_0014_0163_0163.jpg 1 88 14 163 163
0019_0064_0023_0153_0153.jpg 1 64 23 153 153
0020_0299_0296_0090_0090.jpg 1 299 296 90 90
0021_0417_0310_0059_0059.jpg 1 417 310 59 59
0022_0068_0019_0049_0049.jpg 1 68 19 49 49
