0001_0184_0071_0112_0112.jpg 1 184 71 112 112
0002_0174_0464_0101_0101.jpg 1 174 464 101 101
0003_0290_0053_0130_0130.jpg 1 290 53 130 130
0004_0115_0244_0116_0116.jpg 1 115 244 116 116
0005_0087_0034_0124_0124.jpg 1 87 34 124 124
0006_0142_0419_0162_0162.jpg 1 142 419 162 162
0007_0083_0239_0061_0061.jpg 1 83 239 61 61
0008_0081_0040_0140_0140.jpg 1 81 40 140 140
0009_0322_0215_0085_0085.jpg 1 322 215 85 85
0010_0042_0270_0113_0113.jpg 1 42 270 113 113
0011_0420_0239_0115_0115.jpg 1 420 239 115 115
0012_0134_0177_0081_0081.jpg 1 134 177 81 81
0013_0066_0016_0149_0149.jpg 1 66 16 149 149
0014_0158_0078_0083_0083.jpg 1 158 78 83 83
0015_0263_0127_0144_0144.jpg 1 263 127 144 144
0016_0125_0242_0063_0063.jpg 1 125 242 63 63
0017_0140_0306_0049_0049.jpg 1 140 306 49 49
0018_0124_0338_0085_0085.jpg 1 124 338 85 85
0019_0152_0099_0050_0050.jpg 1 152 99 50 50
0020_0021_0039_0048_0048.jpg 1 21 39 48 48
0021_0078_0030_0133_0133.jpg 1 78 30 133 133
0022_0228_0203_0139_0139.jpg 1 228 203 139 139
