0001_0220_0117_0059_0059.jpg 1 220 117 59 59
0002_0047_0272_0061_0061.jpg 1 47 272 61 61
0003_0454_0351_0084_0084.jpg 1 454 351 84 84
0004_0009_0034_0144_0144.jpg 1 9 34 144 144
0005_0245_0112_0160_0160.jpg 1 245 112 160 160
0006_0053_0215_0163_0163.jpg 1 53 215 163 163
0007_0044_0016_0072_0072.jpg 1 44 16 72 72
0008_0342_0265_0111_0111.jpg 1 342 265 111 111
0009_0112_0038_0137_0137.jpg 1 112 38 137 137
0010_0072_0061_0091_0091.jpg 1 72 61 91 91
0011_0386_0118_0153_0153.jpg 1 386 118 153 153
0012_0054_0140_0079_0079.jpg 1 54 140 79 79
0013_0452_0112_0048_0048.jpg 1 452 112 48 48
0014_0062_0198_0086_0086.jpg 1 62 198 86 86
0015_0125_0052_0140_0140.jpg 1 125 52 140 140
0016_0226_0169_0113_0113.jpg 1 226 169 113 113
0017_0087_0119_0096_0096.jpg 1 87 119 96 96
0018_0094_0049_0141_0141.jpg 1 94 49 141 141
0019_0091_0110_0151_0151.jpg 1 91 110 151 151
0020_0458_0316_0054_0054.jpg 1 458 316 54 54
0021_0050_0032_0140_0140.jpg 1 50 32 140 140
0022_0005_0063_0157_0157.jpg 1 5 63 157 157
