0001_0086_0087_0056_0056.jpg 1 86 87 56 56
0002_0090_0073_0106_0106.jpg 1 90 73 106 106
0003_0173_0412_0088_0088.jpg 1 173 412 88 88
0004_0076_0307_0079_0079.jpg 1 76 307 79 79
0005_0321_0189_0095_0095.jpg 1 321 189 95 95
0006_0333_0193_0108_0108.jpg 1 333 193 108 108
0007_0166_0306_0094_0094.jpg 1 166 306 94 94
0008_0169_0039_0110_0110.jpg 1 169 39 110 110
0009_0291_0429_0123_0123.jpg 1 291 429 123 123
0010_0325_0257_0055_0055.jpg 1 325 257 55 55
0011_0143_0325_0074_0074.jpg 1 143 325 74 74
0012_0055_0052_0078_0078.jpg 1 55 52 78 78
0013_0304_0201_0116_0116.jpg 1 304 201 116 116
0014_0118_0023_0099_0099.jpg 1 118 23 99 99
0015_0085_0322_0054_0054.jpg 1 85 322 54 54
0016_0289_0088_0071_0071.jpg 1 289 88 71 71
0017_0293_0291_0090_0090.jpg 1 293 291 90 90
0018_0029_0052_0074_0074.jpg 1 29 52 74 74
0019_0153_0189_0053_0053.jpg 1 153 189 53 53
0020_0083_0050_0072_0072.jpg 1 83 50 72 72
0021_0457_0318_0067_0067.jpg 1 457 318 67 67
0022_0153_0094_0094_0094.jpg 1 153 94 94 94
