0001_0009_0021_0102_0102.jpg 1 9 21 102 102
0002_0103_0099_0101_0101.jpg 1 103 99 101 101
0003_0141_0016_0076_0076.jpg 1 141 16 76 76
0004_0073_0053_0085_0085.jpg 1 73 53 85 85
0005_0080_0083_0057_0057.jpg 1 80 83 57 57
0006_0078_0178_0087_0087.jpg 1 78 178 87 87
0007_0116_0270_0097_0097.jpg 1 116 270 97 97
0008_0355_0068_0098_0098.jpg 1 355 68 98 98
0009_0160_0040_0108_0108.jpg 1 160 40 108 108
0010_0192_0077_0066_0066.jpg 1 192 77 66 66
0011_0145_0096_0085_0085.jpg 1 145 96 85 85
0012_0158_0090_0080_0080.jpg 1 158 90 80 80
0013_0466_0336_0053_0053.jpg 1 466 336 53 53
0014_0094_0090_0093_0093.jpg 1 94 90 93 93
0015_0246_0317_0056_0056.jpg 1 246 317 56 56
0016_0032_0058_0061_0061.jpg 1 32 58 61 61
0017_0298_0214_0090_0090.jpg 1 298 214 90 90
0018_0225_0253_0107_0107.jpg 1 225 253 107 107
0019_0186_0352_0061_0061.jpg 1 186 352 61 61
0020_0389_0055_0095_0095.jpg 1 389 55 95 95
0021_0097_0111_0083_0083.jpg 1 97 111 83 83
0022_0218_0033_0076_0076.jpg 1 218 33 76 76
