0001_0130_0047_0142_0142.jpg 1 130 47 142 142
0002_0435_0277_0082_0082.jpg 1 435 277 82 82
0003_0095_0035_0124_0124.jpg 1 95 35 124 124
0004_0280_0390_0079_0079.jpg 1 280 390 79 79
0005_0189_0279_0141_0141.jpg 1 189 279 141 141
0006_0058_0146_0131_0131.jpg 1 58 146 131 131
0007_0133_0268_0064_0064.jpg 1 133 268 64 64
0008_0219_0118_0121_0121.jpg 1 219 118 121 121
0009_0200_0201_0106_0106.jpg 1 200 201 106 106
0010_0405_0269_0072_0072.jpg 1 405 269 72 72
0011_0143_0222_0122_0122.jpg 1 143 222 122 122
0012_0126_0167_0056_0056.jpg 1 126 167 56 56
0013_0356_0082_0053_0053.jpg 1 356 82 53 53
0014_0128_0034_0055_0055.jpg 1 128 34 55 55
0015_0020_0092_0107_0107.jpg 1 20 92 107 107
0016_0401_0168_0100_0100.jpg 1 401 168 100 100
0017_0061_0050_0073_0073.jpg 1 61 50 73 73
0018_0083_0118_0061_0061.jpg 1 83 118 61 61
0019_0026_0092_0130_0130.jpg 1 26 92 130 130
0020_0006_0050_0145_0145.jpg 1 6 50 145 145
0021_0297_0132_0145_0145.jpg 1 297 132 145 145
0022_0114_0308_0068_0068.jpg 1 114 308 68 68
