0001_0030_0086_0081_0081.jpg 1 30 86 81 81
0002_0092_0114_0051_0051.jpg 1 92 114 51 51
0003_0005_0051_0121_0121.jpg 1 5 51 121 121
0004_0047_0106_0073_0073.jpg 1 47 106 73 73
0005_0131_0043_0051_0051.jpg 1 131 43 51 51
0006_0254_0059_0097_0097.jpg 1 254 59 97 97
0007_0028_0133_0062_0062.jpg 1 28 133 62 62
0008_0309_0132_0088_0088.jpg 1 309 132 88 88
0009_0016_0020_0163_0163.jpg 1 16 20 163 163
0010_0475_0043_0062_0062.jpg 1 475 43 62 62
0011_0153_0106_0084_0084.jpg 1 153 106 84 84
0012_0119_0192_0083_0083.jpg 1 119 192 83 83
0013_0032_0080_0145_0145.jpg 1 32 80 145 145
0014_0068_0067_0082_0082.jpg 1 68 67 82 82
0015_0365_0102_0062_0062.jpg 1 365 102 62 62
0016_0200_0052_0146_0146.jpg 1 200 52 146 146
0017_0422_0125_0060_0060.jpg 1 422 125 60 60
0018_0467_0077_0090_0090.jpg 1 467 77 90 90
0019_0096_0054_0087_0087.jpg 1 96 54 87 87
0020_0118_0334_0071_0071.jpg 1 118 334 71 71
0021_0008_0034_0113_0113.jpg 1 8 34 113 113
0022_0133_0036_0165_0165.jpg 1 133 36 165 165
