0001_0229_0028_0063_0063.jpg 1 229 28 63 63
0002_0346_0341_0075_0075.jpg 1 346 341 75 75
0003_0440_0324_0106_0106.jpg 1 440 324 106 106
0004_0119_0094_0087_0087.jpg 1 119 94 87 87
0005_0293_0466_0048_0048.jpg 1 293 466 48 48
0006_0177_0438_0049_0049.jpg 1 177 438 49 49
0007_0394_0213_0049_0049.jpg 1 394 213 49 49
0008_0072_0086_0059_0059.jpg 1 72 86 59 59
0009_0108_0271_0076_0076.jpg 1 108 271 76 76
0010_0364_0293_0101_0101.jpg 1 364 293 101 101
0011_0051_0042_0083_0083.jpg 1 51 42 83 83
0012_0184_0209_0101_0101.jpg 1 184 209 101 101
0013_0090_0035_0076_0076.jpg 1 90 35 76 76
0014_0059_0145_0056_0056.jpg 1 59 145 56 56
0015_0035_0041_0076_0076.jpg 1 35 41 76 76
0016_0163_0105_0102_0102.jpg 1 163 105 102 102
0017_0465_0137_0092_0092.jpg 1 465 137 92 92
0018_0044_0169_0051_0051.jpg 1 44 169 51 51
0019_0048_0041_0102_0102.jpg 1 48 41 102 102
0020_0217_0069_0054_0054.jpg 1 217 69 54 54
0021_0047_0043_0083_0083.jpg 1 47 43 83 83
0022_0190_0451_0073_0073.jpg 1 190 451 73 73
