0001_0168_0047_0121_0121.jpg 1 168 47 121 121
0002_0116_0084_0081_0081.jpg 1 116 84 81 81
0003_0098_0057_0135_0135.jpg 1 98 57 135 135
0004_0114_0074_0136_0136.jpg 1 114 74 136 136
0005_0069_0266_0049_0049.jpg 1 69 266 49 49
0006_0143_0030_0093_0093.jpg 1 143 30 93 93
0007_0110_0146_0129_0129.jpg 1 110 146 129 129
0008_0105_0138_0051_0051.jpg 1 105 138 51 51
0009_0112_0080_0102_0102.jpg 1 112 80 102 102
0010_0091_0031_0140_0140.jpg 1 91 31 140 140
0011_0047_0179_0155_0155.jpg 1 47 179 155 155
0012_0473_0228_0087_0087.jpg 1 473 228 87 87
0013_0162_0102_0103_0103.jpg 1 162 102 103 103
0014_0215_0214_0148_0148.jpg 1 215 214 148 148
0015_0306_0160_0144_0144.jpg 1 306 160 144 144
0016_0126_0320_0064_0064.jpg 1 126 320 64 64
0017_0028_0051_0167_0167.jpg 1 28 51 167 167
0018_0233_0227_0091_0091.jpg 1 233 227 91 91
0019_0036_0052_0127_0127.jpg 1 36 52 127 127
0020_0088_0141_0053_0053.jpg 1 88 141 53 53
0021_0176_0088_0056_0056.jpg 1 176 88 56 56
0022_0114_0259_0059_0059.jpg 1 114 259 59 59
