0001_0027_0034_0134_0134.jpg 1 27 34 134 134
0002_0102_0320_0139_0139.jpg 1 102 320 139 139
0003_0209_0413_0129_0129.jpg 1 209 413 129 129
0004_0095_0026_0117_0117.jpg 1 95 26 117 117
0005_0158_0032_0137_0137.jpg 1 158 32 137 137
0006_0017_0050_0098_0098.jpg 1 17 50 98 98
0007_0012_0096_0118_0118.jpg 1 12 96 118 118
0008_0105_0148_0124_0124.jpg 1 105 148 124 124
0009_0425_0220_0111_0111.jpg 1 425 220 111 111
0010_0452_0324_0081_0081.jpg 1 452 324 81 81
0011_0068_0279_0092_0092.jpg 1 68 279 92 92
0012_0390_0089_0100_0100.jpg 1 390 89 100 100
0013_0047_0099_0059_0059.jpg 1 47 99 59 59
0014_0084_0027_0056_0056.jpg 1 84 27 56 56
0015_0210_0075_0069_0069.jpg 1 210 75 69 69
0016_0388_0080_0129_0129.jpg 1 388 80 129 129
0017_0272_0167_0054_0054.jpg 1 272 167 54 54
0018_0401_0106_0100_0100.jpg 1 401 106 100 100
0019_0401_0155_0140_0140.jpg 1 401 155 140 140
0020_0061_0050_0128_0128.jpg 1 61 50 128 128
0021_0040_0055_0114_0114.jpg 1 40 55 114 114
0022_0049_0066_0117_0117.jpg 1 49 66 117 117
