0001_0111_0035_0125_0125.jpg 1 111 35 125 125
0002_0214_0098_0078_0078.jpg 1 214 98 78 78
0003_0025_0067_0137_0137.jpg 1 25 67 137 137
0004_0064_0039_0113_0113.jpg 1 64 39 113 113
0005_0085_0048_0076_0076.jpg 1 85 48 76 76
0006_0084_0029_0059_0059.jpg 1 84 29 59 59
0007_0020_0084_0124_0124.jpg 1 20 84 124 124
0008_0036_0063_0086_0086.jpg 1 36 63 86 86
0009_0050_0121_0050_0050.jpg 1 50 121 50 50
0010_0105_0115_0102_0102.jpg 1 105 115 102 102
0011_0063_0015_0133_0133.jpg 1 63 15 133 133
0012_0055_0084_0130_0130.jpg 1 55 84 130 130
0013_0083_0149_0118_0118.jpg 1 83 149 118 118
0014_0284_0305_0053_0053.jpg 1 284 305 53 53
0015_0047_0065_0076_0076.jpg 1 47 65 76 76
0016_0439_0228_0131_0131.jpg 1 439 228 131 131
0017_0259_0244_0059_0059.jpg 1 259 244 59 59
0018_0040_0118_0066_0066.jpg 1 40 118 66 66
0019_0044_0063_0128_0128.jpg 1 44 63 128 128
0020_0014_0086_0137_0137.jpg 1 14 86 137 137
0021_0157_0193_0124_0124.jpg 1 157 193 124 124
0022_0081_0051_0131_0131.jpg 1 81 51 131 131
