0001_0050_0085_0080_0080.jpg 1 50 85 80 80
0002_0492_0268_0048_0048.jpg 1 492 268 48 48
0003_0113_0087_0060_0060.jpg 1 113 87 60 60
0004_0052_0137_0068_0068.jpg 1 52 137 68 68
0005_0029_0143_0071_0071.jpg 1 29 143 71 71
0006_0246_0080_0103_0103.jpg 1 246 80 103 103
0007_0209_0204_0082_0082.jpg 1 209 204 82 82
0008_0026_0126_0060_0060.jpg 1 26 126 60 60
0009_0261_0331_0100_0100.jpg 1 261 331 100 100
0010_0093_0098_0084_0084.jpg 1 93 98 84 84
0011_0061_0151_0051_0051.jpg 1 61 151 51 51
0012_0132_0072_0069_0069.jpg 1 132 72 69 69
0013_0245_0239_0071_0071.jpg 1 245 239 71 71
0014_0262_0090_0090_0090.jpg 1 262 90 90 90
0015_0129_0209_0101_0101.jpg 1 129 209 101 101
0016_0114_0078_0096_0096.jpg 1 114 78 96 96
0017_0231_0236_0083_0083.jpg 1 231 236 83 83
0018_0142_0140_0094_0094.jpg 1 142 140 94 94
0019_0040_0108_0052_0052.jpg 1 40 108 52 52
0020_0144_0095_0068_0068.jpg 1 144 95 68 68
0021_0227_0254_0051_0051.jpg 1 227 254 51 51
0022_0071_0228_0053_0053.jpg 1 71 228 53 53
