0001_0041_0026_0141_0141.jpg 1 41 26 141 141
0002_0363_0244_0138_0138.jpg 1 363 244 138 138
0003_0022_0029_0083_0083.jpg 1 22 29 83 83
0004_0246_0034_0135_0135.jpg 1 246 34 135 135
0005_0157_0038_0097_0097.jpg 1 157 38 97 97
0006_0384_0095_0115_0115.jpg 1 384 95 115 115
0007_0313_0083_0106_0106.jpg 1 313 83 106 106
0008_0085_0278_0066_0066.jpg 1 85 278 66 66
0009_0181_0016_0110_0110.jpg 1 181 16 110 110
0010_0114_0096_0053_0053.jpg 1 114 96 53 53
0011_0157_0063_0146_0146.jpg 1 157 63 146 146
0012_0096_0097_0050_0050.jpg 1 96 97 50 50
0013_0120_0060_0095_0095.jpg 1 120 60 95 95
0014_0278_0171_0102_0102.jpg 1 278 171 102 102
0015_0175_0282_0130_0130.jpg 1 175 282 130 130
0016_0179_0071_0052_0052.jpg 1 179 71 52 52
0017_0124_0012_0111_0111.jpg 1 124 12 111 111
0018_0019_0032_0156_0156.jpg 1 19 32 156 156
0019_0078_0031_0122_0122.jpg 1 78 31 122 122
0020_0142_0081_0109_0109.jpg 1 142 81 109 109
0021_0044_0088_0105_0105.jpg 1 44 88 105 105
0022_0002_0054_0157_0157.jpg 1 2 54 157 157
