0001_0078_0137_0079_0079.jpg 1 78 137 79 79
0002_0374_0298_0109_0109.jpg 1 374 298 109 109
0003_0202_0243_0142_0142.jpg 1 202 243 142 142
0004_0101_0134_0130_0130.jpg 1 101 134 130 130
0005_0235_0126_0125_0125.jpg 1 235 126 125 125
0006_0349_0197_0060_0060.jpg 1 349 197 60 60
0007_0019_0070_0145_0145.jpg 1 19 70 145 145
0008_0082_0032_0088_0088.jpg 1 82 32 88 88
0009_0149_0092_0151_0151.jpg 1 149 92 151 151
0010_0239_0192_0126_0126.jpg 1 239 192 126 126
0011_0169_0438_0063_0063.jpg 1 169 438 63 63
0012_0084_0162_0147_0147.jpg 1 84 162 147 147
0013_0353_0111_0155_0155.jpg 1 353 111 155 155
0014_0143_0068_0164_0164.jpg 1 143 68 164 164
0015_0099_0081_0115_0115.jpg 1 99 81 115 115
0016_0167_0066_0118_0118.jpg 1 167 66 118 118
0017_0153_0160_0099_0099.jpg 1 153 160 99 99
0018_0099_0024_0049_0049.jpg 1 99 24 49 49
0019_0355_0187_0095_0095.jpg 1 355 187 95 95
0020_0060_0059_0118_0118.jpg 1 60 59 118 118
0021_0024_0042_0132_0132.jpg 1 24 42 132 132
0022_0176_0482_0051_0051.jpg 1 176 482 51 51
