0001_0059_0128_0053_0053.jpg 1 59 128 53 53
0002_0085_0085_0129_0129.jpg 1 85 85 129 129
0003_0138_0271_0125_0125.jpg 1 138 271 125 125
0004_0354_0129_0142_0142.jpg 1 354 129 142 142
0005_0093_0118_0165_0165.jpg 1 93 118 165 165
0006_0064_0085_0092_0092.jpg 1 64 85 92 92
0007_0103_0133_0072_0072.jpg 1 103 133 72 72
0008_0388_0209_0065_0065.jpg 1 388 209 65 65
0009_0073_0072_0129_0129.jpg 1 73 72 129 129
0010_0120_0070_0052_0052.jpg 1 120 70 52 52
0011_0203_0240_0153_0153.jpg 1 203 240 153 153
0012_0266_0065_0129_0129.jpg 1 266 65 129 129
0013_0201_0245_0167_0167.jpg 1 201 245 167 167
0014_0072_0200_0153_0153.jpg 1 72 200 153 153
0015_0069_0222_0089_0089.jpg 1 69 222 89 89
0016_0272_0226_0162_0162.jpg 1 272 226 162 162
0017_0155_0325_0063_0063.jpg 1 155 325 63 63
0018_0162_0066_0106_0106.jpg 1 162 66 106 106
0019_0242_0212_0093_0093.jpg 1 242 212 93 93
0020_0127_0049_0052_0052.jpg 1 127 49 52 52
0021_0216_0103_0063_0063.jpg 1 216 103 63 63
0022_0213_0334_0141_0141.jpg 1 213 334 141 141
