0001_0080_0050_0094_0094.jpg 1 80 50 94 94
0002_0035_0067_0093_0093.jpg 1 35 67 93 93
0003_0148_0014_0087_0087.jpg 1 148 14 87 87
0004_0197_0176_0104_0104.jpg 1 197 176 104 104
0005_0061_0026_0121_0121.jpg 1 61 26 121 121
0006_0268_0040_0114_0114.jpg 1 268 40 114 114
0007_0216_0077_0052_0052.jpg 1 216 77 52 52
0008_0435_0324_0052_0052.jpg 1 435 324 52 52
0009_0016_0084_0141_0141.jpg 1 16 84 141 141
0010_0187_0095_0101_0101.jpg 1 187 95 101 101
0011_0113_0050_0060_0060.jpg 1 113 50 60 60
0012_0262_0078_0068_0068.jpg 1 262 78 68 68
0013_0033_0048_0065_0065.jpg 1 33 48 65 65
0014_0033_0072_0050_0050.jpg 1 33 72 50 50
0015_0388_0235_0137_0137.jpg 1 388 235 137 137
0016_0163_0171_0088_0088.jpg 1 163 171 88 88
0017_0308_0326_0070_0070.jpg 1 308 326 70 70
0018_0316_0055_0066_0066.jpg 1 316 55 66 66
0019_0326_0303_0097_0097.jpg 1 326 303 97 97
0020_0072_0267_0120_0120.jpg 1 72 267 120 120
0021_0025_0034_0135_0135.jpg 1 25 34 135 135
0022_0161_0254_0072_0072.jpg 1 161 254 72 72
