0001_0120_0053_0070_0070.jpg 1 120 53 70 70
0002_0104_0038_0078_0078.jpg 1 104 38 78 78
0003_0037_0136_0048_0048.jpg 1 37 136 48 48
0004_0253_0213_0072_0072.jpg 1 253 213 72 72
0005_0121_0145_0052_0052.jpg 1 121 145 52 52
0006_0164_0044_0112_0112.jpg 1 164 44 112 112
0007_0220_0448_0112_0112.jpg 1 220 448 112 112
0008_0234_0126_0075_0075.jpg 1 234 126 75 75
0009_0182_0151_0093_0093.jpg 1 182 151 93 93
0010_0093_0069_0115_0115.jpg 1 93 69 115 115
0011_0338_0136_0095_0095.jpg 1 338 136 95 95
0012_0155_0144_0052_0052.jpg 1 155 144 52 52
0013_0183_0049_0081_0081.jpg 1 183 49 81 81
0014_0057_0141_0048_0048.jpg 1 57 141 48 48
0015_0081_0104_0087_0087.jpg 1 81 104 87 87
0016_0041_0089_0115_0115.jpg 1 41 89 115 115
0017_0073_0279_0101_0101.jpg 1 73 279 101 101
0018_0166_0125_0097_0097.jpg 1 166 125 97 97
0019_0211_0254_0051_0051.jpg 1 211 254 51 51
0020_0168_0325_0097_0097.jpg 1 168 325 97 97
0021_0093_0333_0121_0121.jpg 1 93 333 121 121
0022_0133_0038_0107_0107.jpg 1 133 38 107 107
