0001_0187_0072_0074_0074.jpg 1 187 72 74 74
0002_0038_0060_0161_0161.jpg 1 38 60 161 161
0003_0101_0261_0050_0050.jpg 1 101 261 50 50
0004_0061_0144_0078_0078.jpg 1 61 144 78 78
0005_0014_0018_0133_0133.jpg 1 14 18 133 133
0006_0071_0038_0157_0157.jpg 1 71 38 157 157
0007_0137_0143_0049_0049.jpg 1 137 143 49 49
0008_0236_0229_0050_0050.jpg 1 236 229 50 50
0009_0472_0327_0065_0065.jpg 1 472 327 65 65
0010_0099_0126_0074_0074.jpg 1 99 126 74 74
0011_0004_0055_0146_0146.jpg 1 4 55 146 146
0012_0251_0041_0165_0165.jpg 1 251 41 165 165
0013_0376_0055_0130_0130.jpg 1 376 55 130 130
0014_0066_0424_0055_0055.jpg 1 66 424 55 55
0015_0093_0079_0149_0149.jpg 1 93 79 149 149
0016_0346_0073_0137_0137.jpg 1 346 73 137 137
0017_0434_0150_0049_0049.jpg 1 434 150 49 49
0018_0375_0222_0110_0110.jpg 1 375 222 110 110
0019_0099_0100_0073_0073.jpg 1 99 100 73 73
0020_0192_0091_0072_0072.jpg 1 192 91 72 72
0021_0096_0173_0158_0158.jpg 1 96 173 158 158
0022_0034_0071_0143_0143.jpg 1 34 71 143 143
