0001_0035_0041_0071_0071.jpg 1 35 41 71 71
0002_0134_0252_0069_0069.jpg 1 134 252 69 69
0003_0029_0021_0065_0065.jpg 1 29 21 65 65
0004_0067_0075_0099_0099.jpg 1 67 75 99 99
0005_0415_0080_0071_0071.jpg 1 415 80 71 71
0006_0036_0126_0097_0097.jpg 1 36 126 97 97
0007_0202_0036_0066_0066.jpg 1 202 36 66 66
0008_0120_0353_0063_0063.jpg 1 120 353 63 63
0009_0023_0072_0098_0098.jpg 1 23 72 98 98
0010_0257_0265_0099_0099.jpg 1 257 265 99 99
0011_0206_0103_0085_0085.jpg 1 206 103 85 85
0012_0118_0276_0051_0051.jpg 1 118 276 51 51
0013_0217_0112_0056_0056.jpg 1 217 112 56 56
0014_0416_0171_0096_0096.jpg 1 416 171 96 96
0015_0194_0105_0078_0078.jpg 1 194 105 78 78
0016_0411_0045_0099_0099.jpg 1 411 45 99 99
0017_0173_0254_0077_0077.jpg 1 173 254 77 77
0018_0074_0135_0061_0061.jpg 1 74 135 61 61
0019_0026_0107_0055_0055.jpg 1 26 107 55 55
0020_0042_0049_0098_0098.jpg 1 42 49 98 98
0021_0173_0144_0077_0077.jpg 1 173 144 77 77
0022_0105_0092_0098_0098.jpg 1 105 92 98 98
