0001_0143_0068_0142_0142.jpg 1 143 68 142 142
0002_0115_0049_0059_0059.jpg 1 115 49 59 59
0003_0047_0044_0165_0165.jpg 1 47 44 165 165
0004_0055_0125_0048_0048.jpg 1 55 125 48 48
0005_0455_0125_0113_0113.jpg 1 455 125 113 113
0006_0380_0160_0096_0096.jpg 1 380 160 96 96
0007_0084_0074_0127_0127.jpg 1 84 74 127 127
0008_0384_0247_0118_0118.jpg 1 384 247 118 118
0009_0136_0029_0112_0112.jpg 1 136 29 112 112
0010_0082_0127_0055_0055.jpg 1 82 127 55 55
0011_0278_0123_0064_0064.jpg 1 278 123 64 64
0012_0081_0385_0166_0166.jpg 1 81 385 166 166
0013_0246_0120_0060_0060.jpg 1 246 120 60 60
0014_0276_0298_0096_0096.jpg 1 276 298 96 96
0015_0207_0046_0067_0067.jpg 1 207 46 67 67
0016_0075_0202_0067_0067.jpg 1 75 202 67 67
0017_0154_0103_0078_0078.jpg 1 154 103 78 78
0018_0062_0028_0156_0156.jpg 1 62 28 156 156
0019_0072_0059_0116_0116.jpg 1 72 59 116 116
0020_0070_0052_0144_0144.jpg 1 70 52 144 144
0021_0173_0117_0137_0137.jpg 1 173 117 137 137
0022_0183_0218_0149_0149.jpg 1 183 218 149 149
