0001_0025_0080_0108_0108.jpg 1 25 80 108 108
0002_0208_0066_0055_0055.jpg 1 208 66 55 55
0003_0044_0078_0144_0144.jpg 1 44 78 144 144
0004_0065_0241_0073_0073.jpg 1 65 241 73 73
0005_0142_0032_0112_0112.jpg 1 142 32 112 112
0006_0036_0061_0116_0116.jpg 1 36 61 116 116
0007_0037_0224_0160_0160.jpg 1 37 224 160 160
0008_0058_0053_0094_0094.jpg 1 58 53 94 94
0009_0277_0037_0139_0139.jpg 1 277 37 139 139
0010_0045_0043_0142_0142.jpg 1 45 43 142 142
0011_0107_0051_0099_0099.jpg 1 107 51 99 99
0012_0106_0068_0113_0113.jpg 1 106 68 113 113
0013_0003_0021_0161_0161.jpg 1 3 21 161 161
0014_0106_0290_0091_0091.jpg 1 106 290 91 91
0015_0039_0082_0093_0093.jpg 1 39 82 93 93
0016_0075_0019_0135_0135.jpg 1 75 19 135 135
0017_0091_0311_0109_0109.jpg 1 91 311 109 109
0018_0127_0272_0101_0101.jpg 1 127 272 101 101
0019_0432_0041_0146_0146.jpg 1 432 41 146 146
0020_0075_0087_0134_0134.jpg 1 75 87 134 134
0021_0100_0160_0158_0158.jpg 1 100 160 158 158
0022_0316_0345_0066_0066.jpg 1 316 345 66 66
