0001_0095_0048_0110_0110.jpg 1 95 48 110 110
0002_0054_0042_0125_0125.jpg 1 54 42 125 125
0003_0102_0034_0124_0124.jpg 1 102 34 124 124
0004_0099_0098_0112_0112.jpg 1 99 98 112 112
0005_0130_0014_0140_0140.jpg 1 130 14 140 140
0006_0086_0022_0074_0074.jpg 1 86 22 74 74
0007_0304_0179_0154_0154.jpg 1 304 179 154 154
0008_0017_0054_0095_0095.jpg 1 17 54 95 95
0009_0067_0206_0124_0124.jpg 1 67 206 124 124
0010_0046_0087_0089_0089.jpg 1 46 87 89 89
0011_0374_0142_0106_0106.jpg 1 374 142 106 106
0012_0037_0078_0060_0060.jpg 1 37 78 60 60
0013_0446_0101_0118_0118.jpg 1 446 101 118 118
0014_0052_0074_0142_0142.jpg 1 52 74 142 142
0015_0098_0060_0098_0098.jpg 1 98 60 98 98
0016_0063_0096_0108_0108.jpg 1 63 96 108 108
0017_0070_0031_0144_0144.jpg 1 70 31 144 144
0018_0510_0342_0071_0071.jpg 1 510 342 71 71
0019_0029_0025_0069_0069.jpg 1 29 25 69 69
0020_0012_0027_0090_0090.jpg 1 12 27 90 90
0021_0071_0033_0123_0123.jpg 1 71 33 123 123
0022_0240_0295_0098_0098.jpg 1 240 295 98 98
