0001_0144_0044_0070_0070.jpg 1 144 44 70 70
0002_0175_0190_0100_0100.jpg 1 175 190 100 100
0003_0037_0082_0100_0100.jpg 1 37 82 100 100
0004_0042_0091_0122_0122.jpg 1 42 91 122 122
0005_0013_0073_0097_0097.jpg 1 13 73 97 97
0006_0119_0098_0098_0098.jpg 1 119 98 98 98
0007_0088_0139_0104_0104.jpg 1 88 139 104 104
0008_0081_0087_0085_0085.jpg 1 81 87 85 85
0009_0155_0012_0140_0140.jpg 1 155 12 140 140
0010_0016_0080_0141_0141.jpg 1 16 80 141 141
0011_0292_0301_0048_0048.jpg 1 292 301 48 48
0012_0039_0115_0065_0065.jpg 1 39 115 65 65
0013_0149_0036_0123_0123.jpg 1 149 36 123 123
0014_0181_0082_0101_0101.jpg 1 181 82 101 101
0015_0467_0158_0061_0061.jpg 1 467 158 61 61
0016_0053_0088_0140_0140.jpg 1 53 88 140 140
0017_0011_0055_0115_0115.jpg 1 11 55 115 115
0018_0176_0287_0097_0097.jpg 1 176 287 97 97
0019_0274_0382_0053_0053.jpg 1 274 382 53 53
0020_0069_0076_0115_0115.jpg 1 69 76 115 115
0021_0059_0113_0053_0053.jpg 1 59 113 53 53
0022_0268_0353_0067_0067.jpg 1 268 353 67 67
0001_0048_0022_0093_0093.jpg 1 48 22 93 93
0002_0013_0066_0092_0092.jpg 1 13 66 92 92
0003_0118_0392_0049_0049.jpg 1 118 392 49 49
0004_0157_0379_0052_0052.jpg 1 157 379 52 52
0005_0044_0103_0073_0073.jpg 1 44 103 73 73
0006_0274_0314_0049_0049.jpg 1 274 314 49 49
0007_0060_0082_0117_0117.jpg 1 60 82 117 117
0008_0081_0134_0049_0049.jpg 1 81 134 49 49
0009_0039_0053_0082_0082.jpg 1 39 53 82 82
0010_0039_0062_0099_0099.jpg 1 39 62 99 99
0011_0103_0068_0088_0088.jpg 1 103 68 88 88
0012_0098_0048_0065_0065.jpg 1 98 48 65 65
0013_0178_0256_0134_0134.jpg 1 178 256 134 134
0014_0058_0129_0074_0074.jpg 1 58 129 74 74
0015_0079_0287_0096_0096.jpg 1 79 287 96 96
0016_0461_0333_0056_0056.jpg 1 461 333 56 56
0017_0138_0084_0128_0128.jpg 1 138 84 128 128
0018_0051_0021_0093_0093.jpg 1 51 21 93 93
0019_0478_0193_0102_0102.jpg 1 478 193 102 102
0020_0136_0063_0109_0109.jpg 1 136 63 109 109
0021_0198_0133_0068_0068.jpg 1 198 133 68 68
0022_0421_0111_0116_0116.jpg 1 421 111 116 116
0001_0063_0048_0104_0104.jpg 1 63 48 104 104
0002_0124_0033_0072_0072.jpg 1 124 33 72 72
0003_0199_0104_0094_0094.jpg 1 199 104 94 94
0004_0227_0197_0075_0075.jpg 1 227 197 75 75
0005_0129_0316_0085_0085.jpg 1 129 316 85 85
0006_0064_0077_0112_0112.jpg 1 64 77 112 112
0007_0479_0327_0059_0059.jpg 1 479 327 59 59
0008_0430_0121_0070_0070.jpg 1 430 121 70 70
0009_0154_0169_0048_0048.jpg 1 154 169 48 48
0010_0021_0037_0124_0124.jpg 1 21 37 124 124
0011_0073_0150_0102_0102.jpg 1 73 150 102 102
0012_0049_0116_0058_0058.jpg 1 49 116 58 58
0013_0500_0128_0060_0060.jpg 1 500 128 60 60
0014_0258_0420_0100_0100.jpg 1 258 420 100 100
0015_0149_0071_0108_0108.jpg 1 149 71 108 108
0016_0420_0122_0095_0095.jpg 1 420 122 95 95
0017_0061_0075_0101_0101.jpg 1 61 75 101 101
0018_0081_0050_0081_0081.jpg 1 81 50 81 81
0019_0089_0061_0120_0120.jpg 1 89 61 120 120
0020_0157_0064_0056_0056.jpg 1 157 64 56 56
0021_0435_0173_0091_0091.jpg 1 435 173 91 91
0022_0066_0138_0073_0073.jpg 1 66 138 73 73
0001_0050_0101_0097_0097.jpg 1 50 101 97 97
0002_0451_0169_0119_0119.jpg 1 451 169 119 119
0003_0142_0132_0065_0065.jpg 1 142 132 65 65
0004_0030_0027_0105_0105.jpg 1 30 27 105 105
0005_0206_0122_0051_0051.jpg 1 206 122 51 51
0006_0258_0318_0088_0088.jpg 1 258 318 88 88
0007_0031_0064_0073_0073.jpg 1 31 64 73 73
0008_0124_0070_0098_0098.jpg 1 124 70 98 98
0009_0084_0131_0090_0090.jpg 1 84 131 90 90
0010_0144_0086_0063_0063.jpg 1 144 86 63 63
0011_0085_0039_0079_0079.jpg 1 85 39 79 79
0012_0154_0129_0082_0082.jpg 1 154 129 82 82
0013_0080_0124_0082_0082.jpg 1 80 124 82 82
0014_0224_0094_0072_0072.jpg 1 224 94 72 72
0015_0446_0055_0073_0073.jpg 1 446 55 73 73
0016_0161_0125_0048_0048.jpg 1 161 125 48 48
0017_0253_0209_0111_0111.jpg 1 253 209 111 111
0018_0066_0096_0069_0069.jpg 1 66 96 69 69
0019_0016_0104_0090_0090.jpg 1 16 104 90 90
0020_0168_0113_0091_0091.jpg 1 168 113 91 91
0021_0157_0075_0056_0056.jpg 1 157 75 56 56
0022_0084_0094_0071_0071.jpg 1 84 94 71 71
0001_0052_0036_0130_0130.jpg 1 52 36 130 130
0002_0374_0036_0167_0167.jpg 1 374 36 167 167
0003_0379_0054_0167_0167.jpg 1 379 54 167 167
0004_0080_0205_0132_0132.jpg 1 80 205 132 132
0005_0154_0515_0052_0052.jpg 1 154 515 52 52
0006_0225_0037_0146_0146.jpg 1 225 37 146 146
0007_0027_0055_0088_0088.jpg 1 27 55 88 88
0008_0065_0039_0155_0155.jpg 1 65 39 155 155
0009_0498_0318_0062_0062.jpg 1 498 318 62 62
0010_0031_0035_0156_0156.jpg 1 31 35 156 156
0011_0251_0032_0157_0157.jpg 1 251 32 157 157
0012_0045_0020_0056_0056.jpg 1 45 20 56 56
0013_0260_0271_0158_0158.jpg 1 260 271 158 158
0014_0411_0223_0132_0132.jpg 1 411 223 132 132
0015_0176_0129_0084_0084.jpg 1 176 129 84 84
0016_0201_0306_0099_0099.jpg 1 201 306 99 99
0017_0149_0097_0130_0130.jpg 1 149 97 130 130
0018_0038_0046_0151_0151.jpg 1 38 46 151 151
0019_0073_0106_0121_0121.jpg 1 73 106 121 121
0020_0321_0092_0114_0114.jpg 1 321 92 114 114
0021_0199_0038_0076_0076.jpg 1 199 38 76 76
0022_0259_0130_0050_0050.jpg 1 259 130 50 50
0001_0086_0087_0056_0056.jpg 1 86 87 56 56
0002_0090_0073_0106_0106.jpg 1 90 73 106 106
0003_0173_0412_0088_0088.jpg 1 173 412 88 88
0004_0076_0307_0079_0079.jpg 1 76 307 79 79
0005_0321_0189_0095_0095.jpg 1 321 189 95 95
0006_0333_0193_0108_0108.jpg 1 333 193 108 108
0007_0166_0306_0094_0094.jpg 1 166 306 94 94
0008_0169_0039_0110_0110.jpg 1 169 39 110 110
0009_0291_0429_0123_0123.jpg 1 291 429 123 123
0010_0325_0257_0055_0055.jpg 1 325 257 55 55
0011_0143_0325_0074_0074.jpg 1 143 325 74 74
0012_0055_0052_0078_0078.jpg 1 55 52 78 78
0013_0304_0201_0116_0116.jpg 1 304 201 116 116
0014_0118_0023_0099_0099.jpg 1 118 23 99 99
0015_0085_0322_0054_0054.jpg 1 85 322 54 54
0016_0289_0088_0071_0071.jpg 1 289 88 71 71
0017_0293_0291_0090_0090.jpg 1 293 291 90 90
0018_0029_0052_0074_0074.jpg 1 29 52 74 74
0019_0153_0189_0053_0053.jpg 1 153 189 53 53
0020_0083_0050_0072_0072.jpg 1 83 50 72 72
0021_0457_0318_0067_0067.jpg 1 457 318 67 67
0022_0153_0094_0094_0094.jpg 1 153 94 94 94
0001_0058_0054_0108_0108.jpg 1 58 54 108 108
0002_0051_0140_0053_0053.jpg 1 51 140 53 53
0003_0320_0161_0139_0139.jpg 1 320 161 139 139
0004_0040_0058_0118_0118.jpg 1 40 58 118 118
0005_0058_0054_0119_0119.jpg 1 58 54 119 119
0006_0042_0046_0086_0086.jpg 1 42 46 86 86
0007_0067_0054_0123_0123.jpg 1 67 54 123 123
0008_0120_0014_0142_0142.jpg 1 120 14 142 142
0009_0040_0014_0137_0137.jpg 1 40 14 137 137
0010_0060_0039_0065_0065.jpg 1 60 39 65 65
0011_0474_0328_0063_0063.jpg 1 474 328 63 63
0012_0177_0282_0114_0114.jpg 1 177 282 114 114
0013_0005_0069_0112_0112.jpg 1 5 69 112 112
0014_0357_0135_0110_0110.jpg 1 357 135 110 110
0015_0251_0215_0136_0136.jpg 1 251 215 136 136
0016_0169_0087_0111_0111.jpg 1 169 87 111 111
0017_0101_0087_0061_0061.jpg 1 101 87 61 61
0018_0012_0076_0123_0123.jpg 1 12 76 123 123
0019_0083_0017_0120_0120.jpg 1 83 17 120 120
0020_0068_0065_0077_0077.jpg 1 68 65 77 77
0021_0050_0079_0050_0050.jpg 1 50 79 50 50
0022_0104_0105_0084_0084.jpg 1 104 105 84 84
0001_0059_0128_0053_0053.jpg 1 59 128 53 53
0002_0085_0085_0129_0129.jpg 1 85 85 129 129
0003_0138_0271_0125_0125.jpg 1 138 271 125 125
0004_0354_0129_0142_0142.jpg 1 354 129 142 142
0005_0093_0118_0165_0165.jpg 1 93 118 165 165
0006_0064_0085_0092_0092.jpg 1 64 85 92 92
0007_0103_0133_0072_0072.jpg 1 103 133 72 72
0008_0388_0209_0065_0065.jpg 1 388 209 65 65
0009_0073_0072_0129_0129.jpg 1 73 72 129 129
0010_0120_0070_0052_0052.jpg 1 120 70 52 52
0011_0203_0240_0153_0153.jpg 1 203 240 153 153
0012_0266_0065_0129_0129.jpg 1 266 65 129 129
0013_0201_0245_0167_0167.jpg 1 201 245 167 167
0014_0072_0200_0153_0153.jpg 1 72 200 153 153
0015_0069_0222_0089_0089.jpg 1 69 222 89 89
0016_0272_0226_0162_0162.jpg 1 272 226 162 162
0017_0155_0325_0063_0063.jpg 1 155 325 63 63
0018_0162_0066_0106_0106.jpg 1 162 66 106 106
0019_0242_0212_0093_0093.jpg 1 242 212 93 93
0020_0127_0049_0052_0052.jpg 1 127 49 52 52
0021_0216_0103_0063_0063.jpg 1 216 103 63 63
0022_0213_0334_0141_0141.jpg 1 213 334 141 141
0001_0133_0059_0096_0096.jpg 1 133 59 96 96
0002_0404_0094_0149_0149.jpg 1 404 94 149 149
0003_0212_0258_0151_0151.jpg 1 212 258 151 151
0004_0095_0043_0165_0165.jpg 1 95 43 165 165
0005_0149_0060_0102_0102.jpg 1 149 60 102 102
0006_0375_0251_0082_0082.jpg 1 375 251 82 82
0007_0083_0179_0098_0098.jpg 1 83 179 98 98
0008_0084_0053_0132_0132.jpg 1 84 53 132 132
0009_0136_0100_0126_0126.jpg 1 136 100 126 126
0010_0108_0025_0156_0156.jpg 1 108 25 156 156
0011_0194_0184_0075_0075.jpg 1 194 184 75 75
0012_0135_0282_0083_0083.jpg 1 135 282 83 83
0013_0145_0057_0158_0158.jpg 1 145 57 158 158
0014_0292_0065_0061_0061.jpg 1 292 65 61 61
0015_0020_0067_0129_0129.jpg 1 20 67 129 129
0016_0052_0039_0094_0094.jpg 1 52 39 94 94
0017_0254_0432_0060_0060.jpg 1 254 432 60 60
0018_0377_0161_0085_0085.jpg 1 377 161 85 85
0019_0191_0329_0109_0109.jpg 1 191 329 109 109
0020_0058_0079_0122_0122.jpg 1 58 79 122 122
0021_0024_0035_0149_0149.jpg 1 24 35 149 149
0022_0250_0289_0081_0081.jpg 1 250 289 81 81
0001_0030_0086_0081_0081.jpg 1 30 86 81 81
0002_0092_0114_0051_0051.jpg 1 92 114 51 51
0003_0005_0051_0121_0121.jpg 1 5 51 121 121
0004_0047_0106_0073_0073.jpg 1 47 106 73 73
0005_0131_0043_0051_0051.jpg 1 131 43 51 51
0006_0254_0059_0097_0097.jpg 1 254 59 97 97
0007_0028_0133_0062_0062.jpg 1 28 133 62 62
0008_0309_0132_0088_0088.jpg 1 309 132 88 88
0009_0016_0020_0163_0163.jpg 1 16 20 163 163
0010_0475_0043_0062_0062.jpg 1 475 43 62 62
0011_0153_0106_0084_0084.jpg 1 153 106 84 84
0012_0119_0192_0083_0083.jpg 1 119 192 83 83
0013_0032_0080_0145_0145.jpg 1 32 80 145 145
0014_0068_0067_0082_0082.jpg 1 68 67 82 82
0015_0365_0102_0062_0062.jpg 1 365 102 62 62
0016_0200_0052_0146_0146.jpg 1 200 52 146 146
0017_0422_0125_0060_0060.jpg 1 422 125 60 60
0018_0467_0077_0090_0090.jpg 1 467 77 90 90
0019_0096_0054_0087_0087.jpg 1 96 54 87 87
0020_0118_0334_0071_0071.jpg 1 118 334 71 71
0021_0008_0034_0113_0113.jpg 1 8 34 113 113
0022_0133_0036_0165_0165.jpg 1 133 36 165 165
0001_0035_0041_0071_0071.jpg 1 35 41 71 71
0002_0134_0252_0069_0069.jpg 1 134 252 69 69
0003_0029_0021_0065_0065.jpg 1 29 21 65 65
0004_0067_0075_0099_0099.jpg 1 67 75 99 99
0005_0415_0080_0071_0071.jpg 1 415 80 71 71
0006_0036_0126_0097_0097.jpg 1 36 126 97 97
0007_0202_0036_0066_0066.jpg 1 202 36 66 66
0008_0120_0353_0063_0063.jpg 1 120 353 63 63
0009_0023_0072_0098_0098.jpg 1 23 72 98 98
0010_0257_0265_0099_0099.jpg 1 257 265 99 99
0011_0206_0103_0085_0085.jpg 1 206 103 85 85
0012_0118_0276_0051_0051.jpg 1 118 276 51 51
0013_0217_0112_0056_0056.jpg 1 217 112 56 56
0014_0416_0171_0096_0096.jpg 1 416 171 96 96
0015_0194_0105_0078_0078.jpg 1 194 105 78 78
0016_0411_0045_0099_0099.jpg 1 411 45 99 99
0017_0173_0254_0077_0077.jpg 1 173 254 77 77
0018_0074_0135_0061_0061.jpg 1 74 135 61 61
0019_0026_0107_0055_0055.jpg 1 26 107 55 55
0020_0042_0049_0098_0098.jpg 1 42 49 98 98
0021_0173_0144_0077_0077.jpg 1 173 144 77 77
0022_0105_0092_0098_0098.jpg 1 105 92 98 98
0001_0026_0041_0078_0078.jpg 1 26 41 78 78
0002_0038_0039_0078_0078.jpg 1 38 39 78 78
0003_0076_0039_0087_0087.jpg 1 76 39 87 87
0004_0182_0146_0067_0067.jpg 1 182 146 67 67
0005_0144_0043_0107_0107.jpg 1 144 43 107 107
0006_0063_0029_0050_0050.jpg 1 63 29 50 50
0007_0165_0187_0096_0096.jpg 1 165 187 96 96
0008_0246_0166_0105_0105.jpg 1 246 166 105 105
0009_0276_0357_0087_0087.jpg 1 276 357 87 87
0010_0255_0265_0104_0104.jpg 1 255 265 104 104
0011_0043_0146_0058_0058.jpg 1 43 146 58 58
0012_0344_0182_0050_0050.jpg 1 344 182 50 50
0013_0040_0085_0055_0055.jpg 1 40 85 55 55
0014_0086_0125_0100_0100.jpg 1 86 125 100 100
0015_0093_0058_0114_0114.jpg 1 93 58 114 114
0016_0250_0145_0050_0050.jpg 1 250 145 50 50
0017_0122_0035_0116_0116.jpg 1 122 35 116 116
0018_0147_0081_0110_0110.jpg 1 147 81 110 110
0019_0127_0119_0103_0103.jpg 1 127 119 103 103
0020_0106_0075_0053_0053.jpg 1 106 75 53 53
0021_0110_0127_0049_0049.jpg 1 110 127 49 49
0022_0045_0065_0074_0074.jpg 1 45 65 74 74
0001_0073_0014_0134_0134.jpg 1 73 14 134 134
0002_0153_0085_0149_0149.jpg 1 153 85 149 149
0003_0318_0177_0082_0082.jpg 1 318 177 82 82
0004_0377_0289_0128_0128.jpg 1 377 289 128 128
0005_0095_0030_0150_0150.jpg 1 95 30 150 150
0006_0086_0022_0150_0150.jpg 1 86 22 150 150
0007_0424_0314_0059_0059.jpg 1 424 314 59 59
0008_0112_0074_0076_0076.jpg 1 112 74 76 76
0009_0350_0219_0049_0049.jpg 1 350 219 49 49
0010_0017_0031_0154_0154.jpg 1 17 31 154 154
0011_0471_0254_0077_0077.jpg 1 471 254 77 77
0012_0081_0022_0093_0093.jpg 1 81 22 93 93
0013_0159_0075_0130_0130.jpg 1 159 75 130 130
0014_0279_0305_0097_0097.jpg 1 279 305 97 97
0015_0041_0013_0137_0137.jpg 1 41 13 137 137
0016_0188_0246_0158_0158.jpg 1 188 246 158 158
0017_0103_0061_0141_0141.jpg 1 103 61 141 141
0018_0147_0029_0111_0111.jpg 1 147 29 111 111
0019_0057_0104_0116_0116.jpg 1 57 104 116 116
0020_0375_0195_0157_0157.jpg 1 375 195 157 157
0021_0089_0093_0126_0126.jpg 1 89 93 126 126
0022_0250_0113_0111_0111.jpg 1 250 113 111 111
0001_0076_0018_0070_0070.jpg 1 76 18 70 70
0002_0035_0078_0128_0128.jpg 1 35 78 128 128
0003_0091_0024_0097_0097.jpg 1 91 24 97 97
0004_0087_0111_0058_0058.jpg 1 87 111 58 58
0005_0203_0403_0077_0077.jpg 1 203 403 77 77
0006_0110_0041_0105_0105.jpg 1 110 41 105 105
0007_0066_0057_0101_0101.jpg 1 66 57 101 101
0008_0302_0124_0130_0130.jpg 1 302 124 130 130
0009_0293_0227_0078_0078.jpg 1 293 227 78 78
0010_0053_0088_0072_0072.jpg 1 53 88 72 72
0011_0339_0154_0051_0051.jpg 1 339 154 51 51
0012_0041_0095_0122_0122.jpg 1 41 95 122 122
0013_0263_0052_0059_0059.jpg 1 263 52 59 59
0014_0420_0162_0100_0100.jpg 1 420 162 100 100
0015_0412_0065_0078_0078.jpg 1 412 65 78 78
0016_0041_0070_0118_0118.jpg 1 41 70 118 118
0017_0304_0169_0083_0083.jpg 1 304 169 83 83
0018_0126_0343_0067_0067.jpg 1 126 343 67 67
0019_0433_0270_0060_0060.jpg 1 433 270 60 60
0020_0367_0071_0068_0068.jpg 1 367 71 68 68
0021_0074_0063_0082_0082.jpg 1 74 63 82 82
0022_0202_0157_0060_0060.jpg 1 202 157 60 60
0001_0028_0094_0130_0130.jpg 1 28 94 130 130
0002_0023_0050_0122_0122.jpg 1 23 50 122 122
0003_0026_0128_0081_0081.jpg 1 26 128 81 81
0004_0172_0094_0121_0121.jpg 1 172 94 121 121
0005_0413_0269_0123_0123.jpg 1 413 269 123 123
0006_0298_0066_0127_0127.jpg 1 298 66 127 127
0007_0391_0152_0060_0060.jpg 1 391 152 60 60
0008_0023_0028_0114_0114.jpg 1 23 28 114 114
0009_0034_0059_0071_0071.jpg 1 34 59 71 71
0010_0175_0099_0057_0057.jpg 1 175 99 57 57
0011_0151_0034_0121_0121.jpg 1 151 34 121 121
0012_0373_0144_0120_0120.jpg 1 373 144 120 120
0013_0177_0123_0091_0091.jpg 1 177 123 91 91
0014_0356_0232_0082_0082.jpg 1 356 232 82 82
0015_0119_0173_0067_0067.jpg 1 119 173 67 67
0016_0174_0315_0127_0127.jpg 1 174 315 127 127
0017_0167_0223_0104_0104.jpg 1 167 223 104 104
0018_0157_0101_0074_0074.jpg 1 157 101 74 74
0019_0143_0111_0065_0065.jpg 1 143 111 65 65
0020_0158_0013_0120_0120.jpg 1 158 13 120 120
0021_0088_0029_0129_0129.jpg 1 88 29 129 129
0022_0221_0154_0104_0104.jpg 1 221 154 104 104
0001_0100_0087_0089_0089.jpg 1 100 87 89 89
0002_0522_0167_0054_0054.jpg 1 522 167 54 54
0003_0132_0145_0061_0061.jpg 1 132 145 61 61
0004_0100_0074_0111_0111.jpg 1 100 74 111 111
0005_0055_0123_0084_0084.jpg 1 55 123 84 84
0006_0100_0069_0075_0075.jpg 1 100 69 75 75
0007_0105_0009_0123_0123.jpg 1 105 9 123 123
0008_0095_0031_0048_0048.jpg 1 95 31 48 48
0009_0041_0131_0087_0087.jpg 1 41 131 87 87
0010_0115_0129_0054_0054.jpg 1 115 129 54 54
0011_0184_0140_0083_0083.jpg 1 184 140 83 83
0012_0404_0066_0107_0107.jpg 1 404 66 107 107
0013_0004_0048_0112_0112.jpg 1 4 48 112 112
0014_0488_0142_0096_0096.jpg 1 488 142 96 96
0015_0317_0220_0112_0112.jpg 1 317 220 112 112
0016_0024_0042_0106_0106.jpg 1 24 42 106 106
0017_0432_0130_0129_0129.jpg 1 432 130 129 129
0018_0396_0090_0114_0114.jpg 1 396 90 114 114
0019_0174_0300_0112_0112.jpg 1 174 300 112 112
0020_0094_0441_0059_0059.jpg 1 94 441 59 59
0021_0276_0070_0133_0133.jpg 1 276 70 133 133
0022_0269_0087_0125_0125.jpg 1 269 87 125 125
0001_0090_0081_0050_0050.jpg 1 90 81 50 50
0002_0214_0274_0097_0097.jpg 1 214 274 97 97
0003_0134_0154_0066_0066.jpg 1 134 154 66 66
0004_0145_0297_0079_0079.jpg 1 145 297 79 79
0005_0154_0077_0072_0072.jpg 1 154 77 72 72
0006_0065_0018_0082_0082.jpg 1 65 18 82 82
0007_0059_0131_0093_0093.jpg 1 59 131 93 93
0008_0143_0116_0070_0070.jpg 1 143 116 70 70
0009_0024_0101_0099_0099.jpg 1 24 101 99 99
0010_0156_0044_0106_0106.jpg 1 156 44 106 106
0011_0339_0245_0093_0093.jpg 1 339 245 93 93
0012_0304_0106_0090_0090.jpg 1 304 106 90 90
0013_0174_0245_0074_0074.jpg 1 174 245 74 74
0014_0065_0102_0083_0083.jpg 1 65 102 83 83
0015_0114_0029_0064_0064.jpg 1 114 29 64 64
0016_0251_0130_0077_0077.jpg 1 251 130 77 77
0017_0154_0079_0064_0064.jpg 1 154 79 64 64
0018_0210_0084_0103_0103.jpg 1 210 84 103 103
0019_0492_0146_0071_0071.jpg 1 492 146 71 71
0020_0379_0233_0059_0059.jpg 1 379 233 59 59
0021_0080_0272_0094_0094.jpg 1 80 272 94 94
0022_0114_0121_0087_0087.jpg 1 114 121 87 87
0001_0045_0031_0133_0133.jpg 1 45 31 133 133
0002_0061_0131_0080_0080.jpg 1 61 131 80 80
0003_0070_0062_0116_0116.jpg 1 70 62 116 116
0004_0038_0122_0070_0070.jpg 1 38 122 70 70
0005_0141_0117_0082_0082.jpg 1 141 117 82 82
0006_0231_0309_0108_0108.jpg 1 231 309 108 108
0007_0064_0062_0115_0115.jpg 1 64 62 115 115
0008_0058_0085_0139_0139.jpg 1 58 85 139 139
0009_0102_0066_0096_0096.jpg 1 102 66 96 96
0010_0143_0059_0117_0117.jpg 1 143 59 117 117
0011_0116_0186_0072_0072.jpg 1 116 186 72 72
0012_0040_0054_0150_0150.jpg 1 40 54 150 150
0013_0098_0139_0075_0075.jpg 1 98 139 75 75
0014_0193_0179_0130_0130.jpg 1 193 179 130 130
0015_0130_0100_0092_0092.jpg 1 130 100 92 92
0016_0264_0449_0105_0105.jpg 1 264 449 105 105
0017_0062_0150_0049_0049.jpg 1 62 150 49 49
0018_0325_0106_0081_0081.jpg 1 325 106 81 81
0019_0306_0350_0070_0070.jpg 1 306 350 70 70
0020_0093_0156_0053_0053.jpg 1 93 156 53 53
0021_0121_0246_0077_0077.jpg 1 121 246 77 77
0022_0082_0119_0114_0114.jpg 1 82 119 114 114
0001_0118_0046_0115_0115.jpg 1 118 46 115 115
0002_0127_0011_0131_0131.jpg 1 127 11 131 131
0003_0322_0058_0160_0160.jpg 1 322 58 160 160
0004_0218_0124_0137_0137.jpg 1 218 124 137 137
0005_0478_0268_0103_0103.jpg 1 478 268 103 103
0006_0272_0244_0160_0160.jpg 1 272 244 160 160
0007_0031_0034_0149_0149.jpg 1 31 34 149 149
0008_0194_0214_0121_0121.jpg 1 194 214 121 121
0009_0020_0097_0112_0112.jpg 1 20 97 112 112
0010_0123_0021_0110_0110.jpg 1 123 21 110 110
0011_0111_0099_0081_0081.jpg 1 111 99 81 81
0012_0020_0106_0106_0106.jpg 1 20 106 106 106
0013_0337_0125_0159_0159.jpg 1 337 125 159 159
0014_0113_0104_0122_0122.jpg 1 113 104 122 122
0015_0428_0275_0051_0051.jpg 1 428 275 51 51
0016_0142_0082_0152_0152.jpg 1 142 82 152 152
0017_0140_0495_0079_0079.jpg 1 140 495 79 79
0018_0498_0083_0082_0082.jpg 1 498 83 82 82
0019_0052_0041_0112_0112.jpg 1 52 41 112 112
0020_0071_0223_0156_0156.jpg 1 71 223 156 156
0021_0324_0174_0067_0067.jpg 1 324 174 67 67
0022_0026_0029_0127_0127.jpg 1 26 29 127 127
0001_0168_0047_0121_0121.jpg 1 168 47 121 121
0002_0116_0084_0081_0081.jpg 1 116 84 81 81
0003_0098_0057_0135_0135.jpg 1 98 57 135 135
0004_0114_0074_0136_0136.jpg 1 114 74 136 136
0005_0069_0266_0049_0049.jpg 1 69 266 49 49
0006_0143_0030_0093_0093.jpg 1 143 30 93 93
0007_0110_0146_0129_0129.jpg 1 110 146 129 129
0008_0105_0138_0051_0051.jpg 1 105 138 51 51
0009_0112_0080_0102_0102.jpg 1 112 80 102 102
0010_0091_0031_0140_0140.jpg 1 91 31 140 140
0011_0047_0179_0155_0155.jpg 1 47 179 155 155
0012_0473_0228_0087_0087.jpg 1 473 228 87 87
0013_0162_0102_0103_0103.jpg 1 162 102 103 103
0014_0215_0214_0148_0148.jpg 1 215 214 148 148
0015_0306_0160_0144_0144.jpg 1 306 160 144 144
0016_0126_0320_0064_0064.jpg 1 126 320 64 64
0017_0028_0051_0167_0167.jpg 1 28 51 167 167
0018_0233_0227_0091_0091.jpg 1 233 227 91 91
0019_0036_0052_0127_0127.jpg 1 36 52 127 127
0020_0088_0141_0053_0053.jpg 1 88 141 53 53
0021_0176_0088_0056_0056.jpg 1 176 88 56 56
0022_0114_0259_0059_0059.jpg 1 114 259 59 59
0001_0146_0028_0052_0052.jpg 1 146 28 52 52
0002_0025_0028_0105_0105.jpg 1 25 28 105 105
0003_0027_0028_0109_0109.jpg 1 27 28 109 109
0004_0471_0053_0065_0065.jpg 1 471 53 65 65
0005_0187_0083_0059_0059.jpg 1 187 83 59 59
0006_0073_0237_0085_0085.jpg 1 73 237 85 85
0007_0368_0330_0081_0081.jpg 1 368 330 81 81
0008_0063_0114_0107_0107.jpg 1 63 114 107 107
0009_0222_0334_0053_0053.jpg 1 222 334 53 53
0010_0336_0265_0107_0107.jpg 1 336 265 107 107
0011_0057_0056_0092_0092.jpg 1 57 56 92 92
0012_0061_0156_0050_0050.jpg 1 61 156 50 50
0013_0186_0243_0049_0049.jpg 1 186 243 49 49
0014_0115_0113_0074_0074.jpg 1 115 113 74 74
0015_0027_0075_0107_0107.jpg 1 27 75 107 107
0016_0335_0238_0106_0106.jpg 1 335 238 106 106
0017_0197_0460_0054_0054.jpg 1 197 460 54 54
0018_0120_0139_0107_0107.jpg 1 120 139 107 107
0019_0227_0057_0104_0104.jpg 1 227 57 104 104
0020_0214_0092_0065_0065.jpg 1 214 92 65 65
0021_0435_0238_0085_0085.jpg 1 435 238 85 85
0022_0184_0244_0084_0084.jpg 1 184 244 84 84
0001_0050_0085_0080_0080.jpg 1 50 85 80 80
0002_0492_0268_0048_0048.jpg 1 492 268 48 48
0003_0113_0087_0060_0060.jpg 1 113 87 60 60
0004_0052_0137_0068_0068.jpg 1 52 137 68 68
0005_0029_0143_0071_0071.jpg 1 29 143 71 71
0006_0246_0080_0103_0103.jpg 1 246 80 103 103
0007_0209_0204_0082_0082.jpg 1 209 204 82 82
0008_0026_0126_0060_0060.jpg 1 26 126 60 60
0009_0261_0331_0100_0100.jpg 1 261 331 100 100
0010_0093_0098_0084_0084.jpg 1 93 98 84 84
0011_0061_0151_0051_0051.jpg 1 61 151 51 51
0012_0132_0072_0069_0069.jpg 1 132 72 69 69
0013_0245_0239_0071_0071.jpg 1 245 239 71 71
0014_0262_0090_0090_0090.jpg 1 262 90 90 90
0015_0129_0209_0101_0101.jpg 1 129 209 101 101
0016_0114_0078_0096_0096.jpg 1 114 78 96 96
0017_0231_0236_0083_0083.jpg 1 231 236 83 83
0018_0142_0140_0094_0094.jpg 1 142 140 94 94
0019_0040_0108_0052_0052.jpg 1 40 108 52 52
0020_0144_0095_0068_0068.jpg 1 144 95 68 68
0021_0227_0254_0051_0051.jpg 1 227 254 51 51
0022_0071_0228_0053_0053.jpg 1 71 228 53 53
0001_0140_0081_0083_0083.jpg 1 140 81 83 83
0002_0388_0123_0148_0148.jpg 1 388 123 148 148
0003_0110_0294_0108_0108.jpg 1 110 294 108 108
0004_0033_0071_0094_0094.jpg 1 33 71 94 94
0005_0039_0066_0113_0113.jpg 1 39 66 113 113
0006_0060_0030_0153_0153.jpg 1 60 30 153 153
0007_0376_0247_0123_0123.jpg 1 376 247 123 123
0008_0110_0101_0140_0140.jpg 1 110 101 140 140
0009_0135_0016_0084_0084.jpg 1 135 16 84 84
0010_0119_0061_0093_0093.jpg 1 119 61 93 93
0011_0330_0215_0107_0107.jpg 1 330 215 107 107
0012_0052_0095_0088_0088.jpg 1 52 95 88 88
0013_0172_0064_0055_0055.jpg 1 172 64 55 55
0014_0040_0097_0125_0125.jpg 1 40 97 125 125
0015_0049_0033_0113_0113.jpg 1 49 33 113 113
0016_0198_0301_0052_0052.jpg 1 198 301 52 52
0017_0030_0068_0120_0120.jpg 1 30 68 120 120
0018_0153_0098_0078_0078.jpg 1 153 98 78 78
0019_0025_0083_0087_0087.jpg 1 25 83 87 87
0020_0029_0033_0139_0139.jpg 1 29 33 139 139
0021_0420_0188_0100_0100.jpg 1 420 188 100 100
0022_0367_0305_0105_0105.jpg 1 367 305 105 105
0001_0149_0058_0101_0101.jpg 1 149 58 101 101
0002_0082_0023_0068_0068.jpg 1 82 23 68 68
0003_0048_0053_0114_0114.jpg 1 48 53 114 114
0004_0123_0040_0108_0108.jpg 1 123 40 108 108
0005_0104_0088_0078_0078.jpg 1 104 88 78 78
0006_0377_0205_0053_0053.jpg 1 377 205 53 53
0007_0292_0256_0110_0110.jpg 1 292 256 110 110
0008_0082_0307_0077_0077.jpg 1 82 307 77 77
0009_0092_0085_0057_0057.jpg 1 92 85 57 57
0010_0389_0161_0105_0105.jpg 1 389 161 105 105
0011_0065_0096_0079_0079.jpg 1 65 96 79 79
0012_0055_0030_0061_0061.jpg 1 55 30 61 61
0013_0219_0096_0090_0090.jpg 1 219 96 90 90
0014_0107_0448_0068_0068.jpg 1 107 448 68 68
0015_0099_0325_0056_0056.jpg 1 99 325 56 56
0016_0044_0016_0121_0121.jpg 1 44 16 121 121
0017_0388_0283_0119_0119.jpg 1 388 283 119 119
0018_0089_0047_0101_0101.jpg 1 89 47 101 101
0019_0070_0137_0067_0067.jpg 1 70 137 67 67
0020_0169_0032_0120_0120.jpg 1 169 32 120 120
0021_0194_0364_0073_0073.jpg 1 194 364 73 73
0022_0154_0082_0085_0085.jpg 1 154 82 85 85
0001_0049_0068_0081_0081.jpg 1 49 68 81 81
0002_0064_0033_0093_0093.jpg 1 64 33 93 93
0003_0144_0087_0064_0064.jpg 1 144 87 64 64
0004_0023_0029_0107_0107.jpg 1 23 29 107 107
0005_0114_0088_0059_0059.jpg 1 114 88 59 59
0006_0106_0081_0094_0094.jpg 1 106 81 94 94
0007_0165_0020_0052_0052.jpg 1 165 20 52 52
0008_0251_0339_0093_0093.jpg 1 251 339 93 93
0009_0412_0288_0069_0069.jpg 1 412 288 69 69
0010_0234_0400_0048_0048.jpg 1 234 400 48 48
0011_0063_0111_0102_0102.jpg 1 63 111 102 102
0012_0232_0326_0090_0090.jpg 1 232 326 90 90
0013_0158_0102_0056_0056.jpg 1 158 102 56 56
0014_0082_0176_0097_0097.jpg 1 82 176 97 97
0015_0147_0156_0063_0063.jpg 1 147 156 63 63
0016_0020_0161_0053_0053.jpg 1 20 161 53 53
0017_0194_0213_0109_0109.jpg 1 194 213 109 109
0018_0168_0081_0056_0056.jpg 1 168 81 56 56
0019_0168_0093_0082_0082.jpg 1 168 93 82 82
0020_0230_0112_0059_0059.jpg 1 230 112 59 59
0021_0091_0137_0078_0078.jpg 1 91 137 78 78
0022_0032_0126_0077_0077.jpg 1 32 126 77 77
0001_0024_0142_0069_0069.jpg 1 24 142 69 69
0002_0028_0039_0079_0079.jpg 1 28 39 79 79
0003_0114_0145_0062_0062.jpg 1 114 145 62 62
0004_0031_0059_0061_0061.jpg 1 31 59 61 61
0005_0096_0058_0108_0108.jpg 1 96 58 108 108
0006_0051_0089_0091_0091.jpg 1 51 89 91 91
0007_0194_0324_0101_0101.jpg 1 194 324 101 101
0008_0340_0310_0087_0087.jpg 1 340 310 87 87
0009_0169_0041_0070_0070.jpg 1 169 41 70 70
0010_0280_0079_0063_0063.jpg 1 280 79 63 63
0011_0089_0132_0056_0056.jpg 1 89 132 56 56
0012_0207_0226_0070_0070.jpg 1 207 226 70 70
0013_0037_0039_0062_0062.jpg 1 37 39 62 62
0014_0107_0116_0086_0086.jpg 1 107 116 86 86
0015_0224_0061_0052_0052.jpg 1 224 61 52 52
0016_0249_0189_0061_0061.jpg 1 249 189 61 61
0017_0146_0066_0079_0079.jpg 1 146 66 79 79
0018_0074_0021_0062_0062.jpg 1 74 21 62 62
0019_0133_0078_0077_0077.jpg 1 133 78 77 77
0020_0209_0056_0096_0096.jpg 1 209 56 96 96
0021_0246_0170_0095_0095.jpg 1 246 170 95 95
0022_0139_0075_0063_0063.jpg 1 139 75 63 63
0001_0009_0021_0102_0102.jpg 1 9 21 102 102
0002_0103_0099_0101_0101.jpg 1 103 99 101 101
0003_0141_0016_0076_0076.jpg 1 141 16 76 76
0004_0073_0053_0085_0085.jpg 1 73 53 85 85
0005_0080_0083_0057_0057.jpg 1 80 83 57 57
0006_0078_0178_0087_0087.jpg 1 78 178 87 87
0007_0116_0270_0097_0097.jpg 1 116 270 97 97
0008_0355_0068_0098_0098.jpg 1 355 68 98 98
0009_0160_0040_0108_0108.jpg 1 160 40 108 108
0010_0192_0077_0066_0066.jpg 1 192 77 66 66
0011_0145_0096_0085_0085.jpg 1 145 96 85 85
0012_0158_0090_0080_0080.jpg 1 158 90 80 80
0013_0466_0336_0053_0053.jpg 1 466 336 53 53
0014_0094_0090_0093_0093.jpg 1 94 90 93 93
0015_0246_0317_0056_0056.jpg 1 246 317 56 56
0016_0032_0058_0061_0061.jpg 1 32 58 61 61
0017_0298_0214_0090_0090.jpg 1 298 214 90 90
0018_0225_0253_0107_0107.jpg 1 225 253 107 107
0019_0186_0352_0061_0061.jpg 1 186 352 61 61
0020_0389_0055_0095_0095.jpg 1 389 55 95 95
0021_0097_0111_0083_0083.jpg 1 97 111 83 83
0022_0218_0033_0076_0076.jpg 1 218 33 76 76
0001_0083_0105_0052_0052.jpg 1 83 105 52 52
0002_0103_0027_0075_0075.jpg 1 103 27 75 75
0003_0169_0046_0090_0090.jpg 1 169 46 90 90
0004_0347_0042_0070_0070.jpg 1 347 42 70 70
0005_0085_0022_0056_0056.jpg 1 85 22 56 56
0006_0121_0109_0053_0053.jpg 1 121 109 53 53
0007_0090_0022_0048_0048.jpg 1 90 22 48 48
0008_0168_0067_0054_0054.jpg 1 168 67 54 54
0009_0023_0056_0104_0104.jpg 1 23 56 104 104
0010_0093_0126_0068_0068.jpg 1 93 126 68 68
0011_0257_0350_0082_0082.jpg 1 257 350 82 82
0012_0291_0131_0071_0071.jpg 1 291 131 71 71
0013_0190_0068_0122_0122.jpg 1 190 68 122 122
0014_0207_0032_0085_0085.jpg 1 207 32 85 85
0015_0122_0334_0093_0093.jpg 1 122 334 93 93
0016_0014_0047_0074_0074.jpg 1 14 47 74 74
0017_0139_0121_0064_0064.jpg 1 139 121 64 64
0018_0207_0100_0108_0108.jpg 1 207 100 108 108
0019_0054_0044_0089_0089.jpg 1 54 44 89 89
0020_0187_0176_0111_0111.jpg 1 187 176 111 111
0021_0247_0168_0061_0061.jpg 1 247 168 61 61
0022_0003_0025_0122_0122.jpg 1 3 25 122 122
0001_0086_0028_0048_0048.jpg 1 86 28 48 48
0002_0024_0051_0155_0155.jpg 1 24 51 155 155
0003_0057_0071_0129_0129.jpg 1 57 71 129 129
0004_0093_0298_0082_0082.jpg 1 93 298 82 82
0005_0120_0084_0142_0142.jpg 1 120 84 142 142
0006_0018_0058_0148_0148.jpg 1 18 58 148 148
0007_0066_0201_0166_0166.jpg 1 66 201 166 166
0008_0179_0107_0139_0139.jpg 1 179 107 139 139
0009_0459_0253_0083_0083.jpg 1 459 253 83 83
0010_0453_0277_0106_0106.jpg 1 453 277 106 106
0011_0083_0060_0081_0081.jpg 1 83 60 81 81
0012_0126_0172_0105_0105.jpg 1 126 172 105 105
0013_0011_0090_0133_0133.jpg 1 11 90 133 133
0014_0005_0077_0106_0106.jpg 1 5 77 106 106
0015_0066_0013_0119_0119.jpg 1 66 13 119 119
0016_0224_0208_0127_0127.jpg 1 224 208 127 127
0017_0132_0062_0104_0104.jpg 1 132 62 104 104
0018_0153_0086_0066_0066.jpg 1 153 86 66 66
0019_0067_0116_0101_0101.jpg 1 67 116 101 101
0020_0389_0178_0124_0124.jpg 1 389 178 124 124
0021_0178_0365_0151_0151.jpg 1 178 365 151 151
0022_0056_0026_0094_0094.jpg 1 56 26 94 94
0001_0028_0038_0081_0081.jpg 1 28 38 81 81
0002_0386_0267_0049_0049.jpg 1 386 267 49 49
0003_0418_0179_0079_0079.jpg 1 418 179 79 79
0004_0069_0077_0111_0111.jpg 1 69 77 111 111
0005_0284_0343_0049_0049.jpg 1 284 343 49 49
0006_0104_0272_0099_0099.jpg 1 104 272 99 99
0007_0467_0176_0056_0056.jpg 1 467 176 56 56
0008_0292_0210_0097_0097.jpg 1 292 210 97 97
0009_0023_0140_0072_0072.jpg 1 23 140 72 72
0010_0204_0274_0108_0108.jpg 1 204 274 108 108
0011_0327_0129_0075_0075.jpg 1 327 129 75 75
0012_0396_0211_0090_0090.jpg 1 396 211 90 90
0013_0141_0073_0109_0109.jpg 1 141 73 109 109
0014_0337_0059_0073_0073.jpg 1 337 59 73 73
0015_0035_0100_0118_0118.jpg 1 35 100 118 118
0016_0015_0095_0116_0116.jpg 1 15 95 116 116
0017_0067_0167_0078_0078.jpg 1 67 167 78 78
0018_0208_0104_0065_0065.jpg 1 208 104 65 65
0019_0075_0127_0096_0096.jpg 1 75 127 96 96
0020_0330_0284_0103_0103.jpg 1 330 284 103 103
0021_0035_0114_0098_0098.jpg 1 35 114 98 98
0022_0067_0129_0083_0083.jpg 1 67 129 83 83
0001_0171_0091_0095_0095.jpg 1 171 91 95 95
0002_0022_0116_0102_0102.jpg 1 22 116 102 102
0003_0106_0061_0056_0056.jpg 1 106 61 56 56
0004_0408_0098_0080_0080.jpg 1 408 98 80 80
0005_0085_0016_0161_0161.jpg 1 85 16 161 161
0006_0111_0126_0095_0095.jpg 1 111 126 95 95
0007_0283_0297_0098_0098.jpg 1 283 297 98 98
0008_0328_0248_0158_0158.jpg 1 328 248 158 158
0009_0400_0093_0154_0154.jpg 1 400 93 154 154
0010_0395_0230_0110_0110.jpg 1 395 230 110 110
0011_0070_0243_0116_0116.jpg 1 70 243 116 116
0012_0018_0070_0152_0152.jpg 1 18 70 152 152
0013_0162_0026_0066_0066.jpg 1 162 26 66 66
0014_0011_0062_0164_0164.jpg 1 11 62 164 164
0015_0163_0196_0112_0112.jpg 1 163 196 112 112
0016_0158_0038_0054_0054.jpg 1 158 38 54 54
0017_0293_0125_0152_0152.jpg 1 293 125 152 152
0018_0082_0020_0115_0115.jpg 1 82 20 115 115
0019_0050_0028_0131_0131.jpg 1 50 28 131 131
0020_0140_0152_0082_0082.jpg 1 140 152 82 82
0021_0403_0221_0083_0083.jpg 1 403 221 83 83
0022_0034_0078_0104_0104.jpg 1 34 78 104 104
0001_0111_0035_0125_0125.jpg 1 111 35 125 125
0002_0214_0098_0078_0078.jpg 1 214 98 78 78
0003_0025_0067_0137_0137.jpg 1 25 67 137 137
0004_0064_0039_0113_0113.jpg 1 64 39 113 113
0005_0085_0048_0076_0076.jpg 1 85 48 76 76
0006_0084_0029_0059_0059.jpg 1 84 29 59 59
0007_0020_0084_0124_0124.jpg 1 20 84 124 124
0008_0036_0063_0086_0086.jpg 1 36 63 86 86
0009_0050_0121_0050_0050.jpg 1 50 121 50 50
0010_0105_0115_0102_0102.jpg 1 105 115 102 102
0011_0063_0015_0133_0133.jpg 1 63 15 133 133
0012_0055_0084_0130_0130.jpg 1 55 84 130 130
0013_0083_0149_0118_0118.jpg 1 83 149 118 118
0014_0284_0305_0053_0053.jpg 1 284 305 53 53
0015_0047_0065_0076_0076.jpg 1 47 65 76 76
0016_0439_0228_0131_0131.jpg 1 439 228 131 131
0017_0259_0244_0059_0059.jpg 1 259 244 59 59
0018_0040_0118_0066_0066.jpg 1 40 118 66 66
0019_0044_0063_0128_0128.jpg 1 44 63 128 128
0020_0014_0086_0137_0137.jpg 1 14 86 137 137
0021_0157_0193_0124_0124.jpg 1 157 193 124 124
0022_0081_0051_0131_0131.jpg 1 81 51 131 131
0001_0060_0125_0075_0075.jpg 1 60 125 75 75
0002_0491_0343_0061_0061.jpg 1 491 343 61 61
0003_0082_0062_0131_0131.jpg 1 82 62 131 131
0004_0071_0420_0149_0149.jpg 1 71 420 149 149
0005_0026_0077_0145_0145.jpg 1 26 77 145 145
0006_0407_0172_0136_0136.jpg 1 407 172 136 136
0007_0030_0100_0123_0123.jpg 1 30 100 123 123
0008_0129_0029_0120_0120.jpg 1 129 29 120 120
0009_0061_0057_0144_0144.jpg 1 61 57 144 144
0010_0071_0059_0071_0071.jpg 1 71 59 71 71
0011_0332_0242_0142_0142.jpg 1 332 242 142 142
0012_0055_0046_0113_0113.jpg 1 55 46 113 113
0013_0314_0157_0136_0136.jpg 1 314 157 136 136
0014_0139_0035_0051_0051.jpg 1 139 35 51 51
0015_0049_0070_0098_0098.jpg 1 49 70 98 98
0016_0353_0165_0113_0113.jpg 1 353 165 113 113
0017_0213_0130_0075_0075.jpg 1 213 130 75 75
0018_0104_0059_0091_0091.jpg 1 104 59 91 91
0019_0112_0108_0067_0067.jpg 1 112 108 67 67
0020_0101_0071_0053_0053.jpg 1 101 71 53 53
0021_0087_0105_0082_0082.jpg 1 87 105 82 82
0022_0375_0331_0048_0048.jpg 1 375 331 48 48
0001_0030_0074_0077_0077.jpg 1 30 74 77 77
0002_0173_0250_0122_0122.jpg 1 173 250 122 122
0003_0119_0238_0122_0122.jpg 1 119 238 122 122
0004_0257_0051_0091_0091.jpg 1 257 51 91 91
0005_0008_0100_0104_0104.jpg 1 8 100 104 104
0006_0058_0135_0057_0057.jpg 1 58 135 57 57
0007_0031_0114_0061_0061.jpg 1 31 114 61 61
0008_0348_0337_0060_0060.jpg 1 348 337 60 60
0009_0098_0091_0072_0072.jpg 1 98 91 72 72
0010_0146_0122_0070_0070.jpg 1 146 122 70 70
0011_0115_0058_0070_0070.jpg 1 115 58 70 70
0012_0084_0129_0124_0124.jpg 1 84 129 124 124
0013_0074_0053_0122_0122.jpg 1 74 53 122 122
0014_0193_0042_0103_0103.jpg 1 193 42 103 103
0015_0033_0082_0055_0055.jpg 1 33 82 55 55
0016_0142_0130_0067_0067.jpg 1 142 130 67 67
0017_0191_0193_0122_0122.jpg 1 191 193 122 122
0018_0197_0132_0098_0098.jpg 1 197 132 98 98
0019_0021_0130_0064_0064.jpg 1 21 130 64 64
0020_0227_0260_0118_0118.jpg 1 227 260 118 118
0021_0446_0099_0055_0055.jpg 1 446 99 55 55
0022_0107_0182_0125_0125.jpg 1 107 182 125 125
0001_0043_0049_0121_0121.jpg 1 43 49 121 121
0002_0182_0072_0059_0059.jpg 1 182 72 59 59
0003_0399_0282_0093_0093.jpg 1 399 282 93 93
0004_0077_0110_0100_0100.jpg 1 77 110 100 100
0005_0220_0053_0167_0167.jpg 1 220 53 167 167
0006_0167_0052_0096_0096.jpg 1 167 52 96 96
0007_0180_0072_0077_0077.jpg 1 180 72 77 77
0008_0095_0080_0082_0082.jpg 1 95 80 82 82
0009_0028_0082_0070_0070.jpg 1 28 82 70 70
0010_0061_0024_0076_0076.jpg 1 61 24 76 76
0011_0036_0053_0166_0166.jpg 1 36 53 166 166
0012_0211_0111_0134_0134.jpg 1 211 111 134 134
0013_0090_0113_0151_0151.jpg 1 90 113 151 151
0014_0142_0027_0143_0143.jpg 1 142 27 143 143
0015_0298_0161_0152_0152.jpg 1 298 161 152 152
0016_0117_0075_0095_0095.jpg 1 117 75 95 95
0017_0052_0018_0155_0155.jpg 1 52 18 155 155
0018_0158_0245_0056_0056.jpg 1 158 245 56 56
0019_0017_0097_0111_0111.jpg 1 17 97 111 111
0020_0280_0487_0051_0051.jpg 1 280 487 51 51
0021_0093_0129_0082_0082.jpg 1 93 129 82 82
0022_0503_0052_0056_0056.jpg 1 503 52 56 56
0001_0067_0081_0108_0108.jpg 1 67 81 108 108
0002_0131_0247_0164_0164.jpg 1 131 247 164 164
0003_0059_0104_0078_0078.jpg 1 59 104 78 78
0004_0030_0018_0096_0096.jpg 1 30 18 96 96
0005_0046_0138_0166_0166.jpg 1 46 138 166 166
0006_0091_0011_0158_0158.jpg 1 91 11 158 158
0007_0423_0172_0137_0137.jpg 1 423 172 137 137
0008_0133_0078_0062_0062.jpg 1 133 78 62 62
0009_0205_0228_0121_0121.jpg 1 205 228 121 121
0010_0334_0047_0148_0148.jpg 1 334 47 148 148
0011_0425_0056_0133_0133.jpg 1 425 56 133 133
0012_0088_0036_0096_0096.jpg 1 88 36 96 96
0013_0132_0226_0085_0085.jpg 1 132 226 85 85
0014_0062_0091_0152_0152.jpg 1 62 91 152 152
0015_0054_0028_0087_0087.jpg 1 54 28 87 87
0016_0021_0070_0135_0135.jpg 1 21 70 135 135
0017_0003_0069_0148_0148.jpg 1 3 69 148 148
0018_0283_0105_0075_0075.jpg 1 283 105 75 75
0019_0067_0076_0055_0055.jpg 1 67 76 55 55
0020_0033_0118_0065_0065.jpg 1 33 118 65 65
0021_0349_0155_0048_0048.jpg 1 349 155 48 48
0022_0017_0128_0092_0092.jpg 1 17 128 92 92
0001_0036_0074_0106_0106.jpg 1 36 74 106 106
0002_0129_0233_0081_0081.jpg 1 129 233 81 81
0003_0270_0277_0123_0123.jpg 1 270 277 123 123
0004_0182_0266_0070_0070.jpg 1 182 266 70 70
0005_0143_0270_0119_0119.jpg 1 143 270 119 119
0006_0024_0151_0056_0056.jpg 1 24 151 56 56
0007_0039_0052_0104_0104.jpg 1 39 52 104 104
0008_0001_0065_0156_0156.jpg 1 1 65 156 156
0009_0168_0270_0152_0152.jpg 1 168 270 152 152
0010_0379_0278_0072_0072.jpg 1 379 278 72 72
0011_0396_0353_0087_0087.jpg 1 396 353 87 87
0012_0112_0131_0070_0070.jpg 1 112 131 70 70
0013_0241_0051_0073_0073.jpg 1 241 51 73 73
0014_0117_0347_0059_0059.jpg 1 117 347 59 59
0015_0436_0176_0061_0061.jpg 1 436 176 61 61
0016_0021_0126_0091_0091.jpg 1 21 126 91 91
0017_0231_0218_0082_0082.jpg 1 231 218 82 82
0018_0368_0131_0134_0134.jpg 1 368 131 134 134
0019_0019_0019_0157_0157.jpg 1 19 19 157 157
0020_0086_0024_0086_0086.jpg 1 86 24 86 86
0021_0043_0126_0082_0082.jpg 1 43 126 82 82
0022_0049_0017_0061_0061.jpg 1 49 17 61 61
0001_0076_0055_0081_0081.jpg 1 76 55 81 81
0002_0341_0278_0060_0060.jpg 1 341 278 60 60
0003_0019_0052_0135_0135.jpg 1 19 52 135 135
0004_0135_0104_0102_0102.jpg 1 135 104 102 102
0005_0274_0226_0092_0092.jpg 1 274 226 92 92
0006_0155_0270_0085_0085.jpg 1 155 270 85 85
0007_0370_0227_0062_0062.jpg 1 370 227 62 62
0008_0286_0422_0060_0060.jpg 1 286 422 60 60
0009_0081_0049_0064_0064.jpg 1 81 49 64 64
0010_0333_0139_0109_0109.jpg 1 333 139 109 109
0011_0126_0103_0083_0083.jpg 1 126 103 83 83
0012_0286_0344_0082_0082.jpg 1 286 344 82 82
0013_0294_0263_0114_0114.jpg 1 294 263 114 114
0014_0057_0021_0122_0122.jpg 1 57 21 122 122
0015_0115_0112_0093_0093.jpg 1 115 112 93 93
0016_0163_0186_0074_0074.jpg 1 163 186 74 74
0017_0417_0198_0121_0121.jpg 1 417 198 121 121
0018_0190_0189_0086_0086.jpg 1 190 189 86 86
0019_0158_0163_0084_0084.jpg 1 158 163 84 84
0020_0151_0080_0070_0070.jpg 1 151 80 70 70
0021_0011_0056_0077_0077.jpg 1 11 56 77 77
0022_0104_0032_0114_0114.jpg 1 104 32 114 114
0001_0220_0117_0059_0059.jpg 1 220 117 59 59
0002_0047_0272_0061_0061.jpg 1 47 272 61 61
0003_0454_0351_0084_0084.jpg 1 454 351 84 84
0004_0009_0034_0144_0144.jpg 1 9 34 144 144
0005_0245_0112_0160_0160.jpg 1 245 112 160 160
0006_0053_0215_0163_0163.jpg 1 53 215 163 163
0007_0044_0016_0072_0072.jpg 1 44 16 72 72
0008_0342_0265_0111_0111.jpg 1 342 265 111 111
0009_0112_0038_0137_0137.jpg 1 112 38 137 137
0010_0072_0061_0091_0091.jpg 1 72 61 91 91
0011_0386_0118_0153_0153.jpg 1 386 118 153 153
0012_0054_0140_0079_0079.jpg 1 54 140 79 79
0013_0452_0112_0048_0048.jpg 1 452 112 48 48
0014_0062_0198_0086_0086.jpg 1 62 198 86 86
0015_0125_0052_0140_0140.jpg 1 125 52 140 140
0016_0226_0169_0113_0113.jpg 1 226 169 113 113
0017_0087_0119_0096_0096.jpg 1 87 119 96 96
0018_0094_0049_0141_0141.jpg 1 94 49 141 141
0019_0091_0110_0151_0151.jpg 1 91 110 151 151
0020_0458_0316_0054_0054.jpg 1 458 316 54 54
0021_0050_0032_0140_0140.jpg 1 50 32 140 140
0022_0005_0063_0157_0157.jpg 1 5 63 157 157
0001_0120_0053_0070_0070.jpg 1 120 53 70 70
0002_0104_0038_0078_0078.jpg 1 104 38 78 78
0003_0037_0136_0048_0048.jpg 1 37 136 48 48
0004_0253_0213_0072_0072.jpg 1 253 213 72 72
0005_0121_0145_0052_0052.jpg 1 121 145 52 52
0006_0164_0044_0112_0112.jpg 1 164 44 112 112
0007_0220_0448_0112_0112.jpg 1 220 448 112 112
0008_0234_0126_0075_0075.jpg 1 234 126 75 75
0009_0182_0151_0093_0093.jpg 1 182 151 93 93
0010_0093_0069_0115_0115.jpg 1 93 69 115 115
0011_0338_0136_0095_0095.jpg 1 338 136 95 95
0012_0155_0144_0052_0052.jpg 1 155 144 52 52
0013_0183_0049_0081_0081.jpg 1 183 49 81 81
0014_0057_0141_0048_0048.jpg 1 57 141 48 48
0015_0081_0104_0087_0087.jpg 1 81 104 87 87
0016_0041_0089_0115_0115.jpg 1 41 89 115 115
0017_0073_0279_0101_0101.jpg 1 73 279 101 101
0018_0166_0125_0097_0097.jpg 1 166 125 97 97
0019_0211_0254_0051_0051.jpg 1 211 254 51 51
0020_0168_0325_0097_0097.jpg 1 168 325 97 97
0021_0093_0333_0121_0121.jpg 1 93 333 121 121
0022_0133_0038_0107_0107.jpg 1 133 38 107 107
0001_0016_0163_0057_0057.jpg 1 16 163 57 57
0002_0150_0159_0063_0063.jpg 1 150 159 63 63
0003_0404_0139_0087_0087.jpg 1 404 139 87 87
0004_0201_0039_0056_0056.jpg 1 201 39 56 56
0005_0178_0087_0114_0114.jpg 1 178 87 114 114
0006_0131_0116_0064_0064.jpg 1 131 116 64 64
0007_0133_0268_0122_0122.jpg 1 133 268 122 122
0008_0012_0037_0123_0123.jpg 1 12 37 123 123
0009_0109_0080_0094_0094.jpg 1 109 80 94 94
0010_0145_0112_0075_0075.jpg 1 145 112 75 75
0011_0021_0086_0071_0071.jpg 1 21 86 71 71
0012_0073_0051_0112_0112.jpg 1 73 51 112 112
0013_0074_0182_0080_0080.jpg 1 74 182 80 80
0014_0362_0245_0118_0118.jpg 1 362 245 118 118
0015_0133_0065_0120_0120.jpg 1 133 65 120 120
0016_0035_0028_0077_0077.jpg 1 35 28 77 77
0017_0177_0031_0100_0100.jpg 1 177 31 100 100
0018_0243_0130_0110_0110.jpg 1 243 130 110 110
0019_0140_0270_0052_0052.jpg 1 140 270 52 52
0020_0106_0100_0056_0056.jpg 1 106 100 56 56
0021_0033_0130_0077_0077.jpg 1 33 130 77 77
0022_0073_0029_0082_0082.jpg 1 73 29 82 82
0001_0054_0071_0144_0144.jpg 1 54 71 144 144
0002_0013_0105_0122_0122.jpg 1 13 105 122 122
0003_0135_0064_0082_0082.jpg 1 135 64 82 82
0004_0202_0034_0081_0081.jpg 1 202 34 81 81
0005_0161_0103_0075_0075.jpg 1 161 103 75 75
0006_0166_0096_0132_0132.jpg 1 166 96 132 132
0007_0002_0058_0155_0155.jpg 1 2 58 155 155
0008_0444_0186_0138_0138.jpg 1 444 186 138 138
0009_0365_0193_0110_0110.jpg 1 365 193 110 110
0010_0053_0088_0138_0138.jpg 1 53 88 138 138
0011_0160_0078_0132_0132.jpg 1 160 78 132 132
0012_0457_0198_0100_0100.jpg 1 457 198 100 100
0013_0403_0085_0060_0060.jpg 1 403 85 60 60
0014_0484_0134_0084_0084.jpg 1 484 134 84 84
0015_0239_0091_0074_0074.jpg 1 239 91 74 74
0016_0236_0037_0112_0112.jpg 1 236 37 112 112
0017_0044_0022_0109_0109.jpg 1 44 22 109 109
0018_0062_0060_0050_0050.jpg 1 62 60 50 50
0019_0138_0022_0088_0088.jpg 1 138 22 88 88
0020_0180_0021_0071_0071.jpg 1 180 21 71 71
0021_0157_0080_0074_0074.jpg 1 157 80 74 74
0022_0111_0010_0143_0143.jpg 1 111 10 143 143
0001_0055_0040_0105_0105.jpg 1 55 40 105 105
0002_0310_0251_0059_0059.jpg 1 310 251 59 59
0003_0036_0138_0058_0058.jpg 1 36 138 58 58
0004_0066_0028_0096_0096.jpg 1 66 28 96 96
0005_0137_0063_0115_0115.jpg 1 137 63 115 115
0006_0147_0096_0070_0070.jpg 1 147 96 70 70
0007_0388_0269_0131_0131.jpg 1 388 269 131 131
0008_0122_0060_0123_0123.jpg 1 122 60 123 123
0009_0197_0077_0101_0101.jpg 1 197 77 101 101
0010_0156_0049_0052_0052.jpg 1 156 49 52 52
0011_0024_0098_0084_0084.jpg 1 24 98 84 84
0012_0228_0197_0123_0123.jpg 1 228 197 123 123
0013_0257_0209_0122_0122.jpg 1 257 209 122 122
0014_0164_0102_0081_0081.jpg 1 164 102 81 81
0015_0455_0314_0074_0074.jpg 1 455 314 74 74
0016_0433_0121_0106_0106.jpg 1 433 121 106 106
0017_0067_0275_0114_0114.jpg 1 67 275 114 114
0018_0024_0017_0144_0144.jpg 1 24 17 144 144
0019_0283_0277_0112_0112.jpg 1 283 277 112 112
0020_0467_0250_0108_0108.jpg 1 467 250 108 108
0021_0194_0109_0055_0055.jpg 1 194 109 55 55
0022_0303_0044_0113_0113.jpg 1 303 44 113 113
0001_0047_0057_0078_0078.jpg 1 47 57 78 78
0002_0094_0065_0050_0050.jpg 1 94 65 50 50
0003_0163_0325_0086_0086.jpg 1 163 325 86 86
0004_0244_0161_0051_0051.jpg 1 244 161 51 51
0005_0403_0198_0120_0120.jpg 1 403 198 120 120
0006_0073_0084_0111_0111.jpg 1 73 84 111 111
0007_0136_0337_0076_0076.jpg 1 136 337 76 76
0008_0037_0109_0061_0061.jpg 1 37 109 61 61
0009_0022_0127_0090_0090.jpg 1 22 127 90 90
0010_0132_0217_0078_0078.jpg 1 132 217 78 78
0011_0312_0150_0073_0073.jpg 1 312 150 73 73
0012_0082_0083_0078_0078.jpg 1 82 83 78 78
0013_0187_0036_0061_0061.jpg 1 187 36 61 61
0014_0146_0305_0119_0119.jpg 1 146 305 119 119
0015_0032_0140_0060_0060.jpg 1 32 140 60 60
0016_0119_0031_0060_0060.jpg 1 119 31 60 60
0017_0105_0011_0123_0123.jpg 1 105 11 123 123
0018_0138_0092_0096_0096.jpg 1 138 92 96 96
0019_0256_0347_0073_0073.jpg 1 256 347 73 73
0020_0027_0020_0078_0078.jpg 1 27 20 78 78
0021_0050_0017_0104_0104.jpg 1 50 17 104 104
0022_0133_0371_0053_0053.jpg 1 133 371 53 53
0001_0098_0021_0106_0106.jpg 1 98 21 106 106
0002_0440_0103_0080_0080.jpg 1 440 103 80 80
0003_0239_0322_0063_0063.jpg 1 239 322 63 63
0004_0068_0157_0103_0103.jpg 1 68 157 103 103
0005_0352_0060_0145_0145.jpg 1 352 60 145 145
0006_0023_0106_0049_0049.jpg 1 23 106 49 49
0007_0289_0222_0129_0129.jpg 1 289 222 129 129
0008_0228_0231_0119_0119.jpg 1 228 231 119 119
0009_0439_0193_0091_0091.jpg 1 439 193 91 91
0010_0046_0063_0079_0079.jpg 1 46 63 79 79
0011_0244_0155_0070_0070.jpg 1 244 155 70 70
0012_0003_0035_0152_0152.jpg 1 3 35 152 152
0013_0097_0067_0096_0096.jpg 1 97 67 96 96
0014_0284_0267_0069_0069.jpg 1 284 267 69 69
0015_0324_0177_0107_0107.jpg 1 324 177 107 107
0016_0230_0224_0053_0053.jpg 1 230 224 53 53
0017_0305_0110_0104_0104.jpg 1 305 110 104 104
0018_0070_0046_0050_0050.jpg 1 70 46 50 50
0019_0120_0027_0104_0104.jpg 1 120 27 104 104
0020_0117_0190_0121_0121.jpg 1 117 190 121 121
0021_0047_0066_0112_0112.jpg 1 47 66 112 112
0022_0127_0106_0118_0118.jpg 1 127 106 118 118
0001_0027_0034_0134_0134.jpg 1 27 34 134 134
0002_0102_0320_0139_0139.jpg 1 102 320 139 139
0003_0209_0413_0129_0129.jpg 1 209 413 129 129
0004_0095_0026_0117_0117.jpg 1 95 26 117 117
0005_0158_0032_0137_0137.jpg 1 158 32 137 137
0006_0017_0050_0098_0098.jpg 1 17 50 98 98
0007_0012_0096_0118_0118.jpg 1 12 96 118 118
0008_0105_0148_0124_0124.jpg 1 105 148 124 124
0009_0425_0220_0111_0111.jpg 1 425 220 111 111
0010_0452_0324_0081_0081.jpg 1 452 324 81 81
0011_0068_0279_0092_0092.jpg 1 68 279 92 92
0012_0390_0089_0100_0100.jpg 1 390 89 100 100
0013_0047_0099_0059_0059.jpg 1 47 99 59 59
0014_0084_0027_0056_0056.jpg 1 84 27 56 56
0015_0210_0075_0069_0069.jpg 1 210 75 69 69
0016_0388_0080_0129_0129.jpg 1 388 80 129 129
0017_0272_0167_0054_0054.jpg 1 272 167 54 54
0018_0401_0106_0100_0100.jpg 1 401 106 100 100
0019_0401_0155_0140_0140.jpg 1 401 155 140 140
0020_0061_0050_0128_0128.jpg 1 61 50 128 128
0021_0040_0055_0114_0114.jpg 1 40 55 114 114
0022_0049_0066_0117_0117.jpg 1 49 66 117 117
0001_0065_0075_0126_0126.jpg 1 65 75 126 126
0002_0112_0025_0144_0144.jpg 1 112 25 144 144
0003_0116_0437_0123_0123.jpg 1 116 437 123 123
0004_0033_0109_0076_0076.jpg 1 33 109 76 76
0005_0150_0075_0106_0106.jpg 1 150 75 106 106
0006_0240_0298_0136_0136.jpg 1 240 298 136 136
0007_0009_0034_0131_0131.jpg 1 9 34 131 131
0008_0151_0035_0120_0120.jpg 1 151 35 120 120
0009_0273_0264_0088_0088.jpg 1 273 264 88 88
0010_0044_0025_0143_0143.jpg 1 44 25 143 143
0011_0074_0011_0153_0153.jpg 1 74 11 153 153
0012_0137_0020_0137_0137.jpg 1 137 20 137 137
0013_0023_0032_0154_0154.jpg 1 23 32 154 154
0014_0354_0295_0069_0069.jpg 1 354 295 69 69
0015_0069_0088_0076_0076.jpg 1 69 88 76 76
0016_0086_0133_0082_0082.jpg 1 86 133 82 82
0017_0337_0227_0136_0136.jpg 1 337 227 136 136
0018_0438_0296_0081_0081.jpg 1 438 296 81 81
0019_0404_0279_0140_0140.jpg 1 404 279 140 140
0020_0028_0094_0114_0114.jpg 1 28 94 114 114
0021_0205_0078_0111_0111.jpg 1 205 78 111 111
0022_0108_0067_0048_0048.jpg 1 108 67 48 48
0001_0044_0012_0119_0119.jpg 1 44 12 119 119
0002_0293_0277_0115_0115.jpg 1 293 277 115 115
0003_0249_0238_0160_0160.jpg 1 249 238 160 160
0004_0065_0195_0109_0109.jpg 1 65 195 109 109
0005_0042_0242_0063_0063.jpg 1 42 242 63 63
0006_0480_0336_0104_0104.jpg 1 480 336 104 104
0007_0016_0073_0108_0108.jpg 1 16 73 108 108
0008_0276_0158_0145_0145.jpg 1 276 158 145 145
0009_0349_0341_0062_0062.jpg 1 349 341 62 62
0010_0035_0040_0150_0150.jpg 1 35 40 150 150
0011_0428_0075_0111_0111.jpg 1 428 75 111 111
0012_0451_0213_0121_0121.jpg 1 451 213 121 121
0013_0091_0105_0059_0059.jpg 1 91 105 59 59
0014_0091_0333_0095_0095.jpg 1 91 333 95 95
0015_0278_0078_0156_0156.jpg 1 278 78 156 156
0016_0094_0070_0078_0078.jpg 1 94 70 78 78
0017_0030_0013_0148_0148.jpg 1 30 13 148 148
0018_0358_0309_0134_0134.jpg 1 358 309 134 134
0019_0027_0008_0162_0162.jpg 1 27 8 162 162
0020_0040_0360_0077_0077.jpg 1 40 360 77 77
0021_0119_0018_0124_0124.jpg 1 119 18 124 124
0022_0352_0117_0155_0155.jpg 1 352 117 155 155
0001_0095_0048_0110_0110.jpg 1 95 48 110 110
0002_0054_0042_0125_0125.jpg 1 54 42 125 125
0003_0102_0034_0124_0124.jpg 1 102 34 124 124
0004_0099_0098_0112_0112.jpg 1 99 98 112 112
0005_0130_0014_0140_0140.jpg 1 130 14 140 140
0006_0086_0022_0074_0074.jpg 1 86 22 74 74
0007_0304_0179_0154_0154.jpg 1 304 179 154 154
0008_0017_0054_0095_0095.jpg 1 17 54 95 95
0009_0067_0206_0124_0124.jpg 1 67 206 124 124
0010_0046_0087_0089_0089.jpg 1 46 87 89 89
0011_0374_0142_0106_0106.jpg 1 374 142 106 106
0012_0037_0078_0060_0060.jpg 1 37 78 60 60
0013_0446_0101_0118_0118.jpg 1 446 101 118 118
0014_0052_0074_0142_0142.jpg 1 52 74 142 142
0015_0098_0060_0098_0098.jpg 1 98 60 98 98
0016_0063_0096_0108_0108.jpg 1 63 96 108 108
0017_0070_0031_0144_0144.jpg 1 70 31 144 144
0018_0510_0342_0071_0071.jpg 1 510 342 71 71
0019_0029_0025_0069_0069.jpg 1 29 25 69 69
0020_0012_0027_0090_0090.jpg 1 12 27 90 90
0021_0071_0033_0123_0123.jpg 1 71 33 123 123
0022_0240_0295_0098_0098.jpg 1 240 295 98 98
0001_0155_0059_0130_0130.jpg 1 155 59 130 130
0002_0098_0075_0073_0073.jpg 1 98 75 73 73
0003_0037_0099_0107_0107.jpg 1 37 99 107 107
0004_0093_0052_0100_0100.jpg 1 93 52 100 100
0005_0227_0092_0063_0063.jpg 1 227 92 63 63
0006_0000_0045_0122_0122.jpg 1 0 45 122 122
0007_0153_0399_0067_0067.jpg 1 153 399 67 67
0008_0021_0092_0063_0063.jpg 1 21 92 63 63
0009_0059_0161_0048_0048.jpg 1 59 161 48 48
0010_0409_0070_0136_0136.jpg 1 409 70 136 136
0011_0192_0304_0074_0074.jpg 1 192 304 74 74
0012_0360_0041_0084_0084.jpg 1 360 41 84 84
0013_0166_0049_0123_0123.jpg 1 166 49 123 123
0014_0266_0128_0139_0139.jpg 1 266 128 139 139
0015_0054_0013_0144_0144.jpg 1 54 13 144 144
0016_0061_0028_0110_0110.jpg 1 61 28 110 110
0017_0113_0074_0069_0069.jpg 1 113 74 69 69
0018_0155_0076_0092_0092.jpg 1 155 76 92 92
0019_0125_0169_0125_0125.jpg 1 125 169 125 125
0020_0147_0112_0079_0079.jpg 1 147 112 79 79
0021_0069_0023_0166_0166.jpg 1 69 23 166 166
0022_0113_0062_0108_0108.jpg 1 113 62 108 108
0001_0043_0088_0100_0100.jpg 1 43 88 100 100
0002_0416_0126_0050_0050.jpg 1 416 126 50 50
0003_0060_0358_0058_0058.jpg 1 60 358 58 58
0004_0444_0298_0084_0084.jpg 1 444 298 84 84
0005_0168_0306_0078_0078.jpg 1 168 306 78 78
0006_0223_0113_0080_0080.jpg 1 223 113 80 80
0007_0026_0111_0066_0066.jpg 1 26 111 66 66
0008_0266_0221_0077_0077.jpg 1 266 221 77 77
0009_0201_0041_0088_0088.jpg 1 201 41 88 88
0010_0395_0184_0065_0065.jpg 1 395 184 65 65
0011_0157_0043_0093_0093.jpg 1 157 43 93 93
0012_0410_0168_0056_0056.jpg 1 410 168 56 56
0013_0103_0232_0057_0057.jpg 1 103 232 57 57
0014_0023_0043_0104_0104.jpg 1 23 43 104 104
0015_0041_0049_0057_0057.jpg 1 41 49 57 57
0016_0164_0284_0052_0052.jpg 1 164 284 52 52
0017_0250_0179_0078_0078.jpg 1 250 179 78 78
0018_0088_0059_0073_0073.jpg 1 88 59 73 73
0019_0186_0033_0083_0083.jpg 1 186 33 83 83
0020_0113_0131_0107_0107.jpg 1 113 131 107 107
0021_0236_0052_0053_0053.jpg 1 236 52 53 53
0022_0039_0037_0050_0050.jpg 1 39 37 50 50
0001_0231_0113_0056_0056.jpg 1 231 113 56 56
0002_0032_0109_0078_0078.jpg 1 32 109 78 78
0003_0235_0242_0089_0089.jpg 1 235 242 89 89
0004_0140_0080_0090_0090.jpg 1 140 80 90 90
0005_0061_0125_0067_0067.jpg 1 61 125 67 67
0006_0051_0057_0158_0158.jpg 1 51 57 158 158
0007_0124_0035_0112_0112.jpg 1 124 35 112 112
0008_0279_0465_0113_0113.jpg 1 279 465 113 113
0009_0216_0157_0094_0094.jpg 1 216 157 94 94
0010_0303_0386_0109_0109.jpg 1 303 386 109 109
0011_0151_0018_0072_0072.jpg 1 151 18 72 72
0012_0092_0076_0081_0081.jpg 1 92 76 81 81
0013_0034_0102_0078_0078.jpg 1 34 102 78 78
0014_0056_0021_0105_0105.jpg 1 56 21 105 105
0015_0073_0115_0048_0048.jpg 1 73 115 48 48
0016_0237_0162_0124_0124.jpg 1 237 162 124 124
0017_0123_0115_0152_0152.jpg 1 123 115 152 152
0018_0258_0292_0131_0131.jpg 1 258 292 131 131
0019_0040_0100_0108_0108.jpg 1 40 100 108 108
0020_0033_0066_0110_0110.jpg 1 33 66 110 110
0021_0349_0258_0105_0105.jpg 1 349 258 105 105
0022_0332_0197_0107_0107.jpg 1 332 197 107 107
0001_0043_0061_0164_0164.jpg 1 43 61 164 164
0002_0110_0053_0122_0122.jpg 1 110 53 122 122
0003_0234_0045_0074_0074.jpg 1 234 45 74 74
0004_0214_0243_0145_0145.jpg 1 214 243 145 145
0005_0412_0059_0062_0062.jpg 1 412 59 62 62
0006_0083_0109_0151_0151.jpg 1 83 109 151 151
0007_0038_0021_0154_0154.jpg 1 38 21 154 154
0008_0369_0271_0116_0116.jpg 1 369 271 116 116
0009_0118_0248_0142_0142.jpg 1 118 248 142 142
0010_0408_0214_0136_0136.jpg 1 408 214 136 136
0011_0104_0071_0107_0107.jpg 1 104 71 107 107
0012_0226_0394_0165_0165.jpg 1 226 394 165 165
0013_0055_0058_0143_0143.jpg 1 55 58 143 143
0014_0129_0078_0051_0051.jpg 1 129 78 51 51
0015_0057_0067_0140_0140.jpg 1 57 67 140 140
0016_0218_0033_0152_0152.jpg 1 218 33 152 152
0017_0159_0091_0095_0095.jpg 1 159 91 95 95
0018_0015_0038_0084_0084.jpg 1 15 38 84 84
0019_0237_0042_0144_0144.jpg 1 237 42 144 144
0020_0251_0066_0162_0162.jpg 1 251 66 162 162
0021_0112_0014_0125_0125.jpg 1 112 14 125 125
0022_0075_0019_0108_0108.jpg 1 75 19 108 108
0001_0127_0018_0108_0108.jpg 1 127 18 108 108
0002_0290_0224_0062_0062.jpg 1 290 224 62 62
0003_0071_0015_0100_0100.jpg 1 71 15 100 100
0004_0029_0091_0113_0113.jpg 1 29 91 113 113
0005_0085_0038_0136_0136.jpg 1 85 38 136 136
0006_0074_0090_0062_0062.jpg 1 74 90 62 62
0007_0040_0063_0141_0141.jpg 1 40 63 141 141
0008_0043_0049_0100_0100.jpg 1 43 49 100 100
0009_0035_0022_0121_0121.jpg 1 35 22 121 121
0010_0302_0228_0098_0098.jpg 1 302 228 98 98
0011_0153_0116_0142_0142.jpg 1 153 116 142 142
0012_0209_0193_0054_0054.jpg 1 209 193 54 54
0013_0030_0053_0116_0116.jpg 1 30 53 116 116
0014_0281_0056_0126_0126.jpg 1 281 56 126 126
0015_0031_0064_0121_0121.jpg 1 31 64 121 121
0016_0138_0028_0093_0093.jpg 1 138 28 93 93
0017_0290_0120_0092_0092.jpg 1 290 120 92 92
0018_0164_0048_0137_0137.jpg 1 164 48 137 137
0019_0496_0132_0063_0063.jpg 1 496 132 63 63
0020_0110_0241_0073_0073.jpg 1 110 241 73 73
0021_0074_0092_0124_0124.jpg 1 74 92 124 124
0022_0135_0069_0060_0060.jpg 1 135 69 60 60
0001_0102_0014_0128_0128.jpg 1 102 14 128 128
0002_0494_0101_0052_0052.jpg 1 494 101 52 52
0003_0360_0217_0078_0078.jpg 1 360 217 78 78
0004_0008_0044_0108_0108.jpg 1 8 44 108 108
0005_0182_0162_0090_0090.jpg 1 182 162 90 90
0006_0122_0066_0130_0130.jpg 1 122 66 130 130
0007_0027_0085_0085_0085.jpg 1 27 85 85 85
0008_0153_0129_0075_0075.jpg 1 153 129 75 75
0009_0124_0044_0080_0080.jpg 1 124 44 80 80
0010_0212_0021_0059_0059.jpg 1 212 21 59 59
0011_0221_0062_0116_0116.jpg 1 221 62 116 116
0012_0141_0136_0052_0052.jpg 1 141 136 52 52
0013_0196_0119_0078_0078.jpg 1 196 119 78 78
0014_0180_0182_0048_0048.jpg 1 180 182 48 48
0015_0268_0204_0083_0083.jpg 1 268 204 83 83
0016_0528_0246_0052_0052.jpg 1 528 246 52 52
0017_0065_0072_0097_0097.jpg 1 65 72 97 97
0018_0074_0097_0114_0114.jpg 1 74 97 114 114
0019_0207_0141_0059_0059.jpg 1 207 141 59 59
0020_0295_0119_0127_0127.jpg 1 295 119 127 127
0021_0422_0264_0059_0059.jpg 1 422 264 59 59
0022_0425_0106_0104_0104.jpg 1 425 106 104 104
0001_0034_0128_0082_0082.jpg 1 34 128 82 82
0002_0116_0065_0096_0096.jpg 1 116 65 96 96
0003_0319_0299_0130_0130.jpg 1 319 299 130 130
0004_0098_0082_0063_0063.jpg 1 98 82 63 63
0005_0376_0169_0156_0156.jpg 1 376 169 156 156
0006_0065_0068_0152_0152.jpg 1 65 68 152 152
0007_0438_0152_0146_0146.jpg 1 438 152 146 146
0008_0166_0236_0159_0159.jpg 1 166 236 159 159
0009_0214_0318_0152_0152.jpg 1 214 318 152 152
0010_0088_0102_0138_0138.jpg 1 88 102 138 138
0011_0079_0088_0080_0080.jpg 1 79 88 80 80
0012_0010_0084_0144_0144.jpg 1 10 84 144 144
0013_0058_0031_0113_0113.jpg 1 58 31 113 113
0014_0267_0114_0158_0158.jpg 1 267 114 158 158
0015_0425_0059_0161_0161.jpg 1 425 59 161 161
0016_0136_0078_0145_0145.jpg 1 136 78 145 145
0017_0127_0058_0152_0152.jpg 1 127 58 152 152
0018_0077_0043_0136_0136.jpg 1 77 43 136 136
0019_0109_0108_0100_0100.jpg 1 109 108 100 100
0020_0315_0192_0103_0103.jpg 1 315 192 103 103
0021_0053_0330_0053_0053.jpg 1 53 330 53 53
0022_0048_0039_0152_0152.jpg 1 48 39 152 152
0001_0080_0103_0070_0070.jpg 1 80 103 70 70
0002_0083_0093_0081_0081.jpg 1 83 93 81 81
0003_0311_0125_0115_0115.jpg 1 311 125 115 115
0004_0306_0059_0053_0053.jpg 1 306 59 53 53
0005_0184_0040_0146_0146.jpg 1 184 40 146 146
0006_0477_0274_0067_0067.jpg 1 477 274 67 67
0007_0081_0124_0083_0083.jpg 1 81 124 83 83
0008_0143_0188_0067_0067.jpg 1 143 188 67 67
0009_0338_0481_0058_0058.jpg 1 338 481 58 58
0010_0208_0094_0059_0059.jpg 1 208 94 59 59
0011_0041_0118_0093_0093.jpg 1 41 118 93 93
0012_0115_0298_0049_0049.jpg 1 115 298 49 49
0013_0061_0060_0117_0117.jpg 1 61 60 117 117
0014_0156_0014_0127_0127.jpg 1 156 14 127 127
0015_0422_0220_0115_0115.jpg 1 422 220 115 115
0016_0092_0025_0150_0150.jpg 1 92 25 150 150
0017_0033_0079_0103_0103.jpg 1 33 79 103 103
0018_0055_0096_0157_0157.jpg 1 55 96 157 157
0019_0073_0149_0163_0163.jpg 1 73 149 163 163
0020_0250_0260_0111_0111.jpg 1 250 260 111 111
0021_0201_0103_0100_0100.jpg 1 201 103 100 100
0022_0028_0081_0053_0053.jpg 1 28 81 53 53
0001_0055_0033_0107_0107.jpg 1 55 33 107 107
0002_0152_0267_0131_0131.jpg 1 152 267 131 131
0003_0241_0386_0156_0156.jpg 1 241 386 156 156
0004_0067_0070_0061_0061.jpg 1 67 70 61 61
0005_0048_0002_0167_0167.jpg 1 48 2 167 167
0006_0144_0108_0062_0062.jpg 1 144 108 62 62
0007_0204_0224_0129_0129.jpg 1 204 224 129 129
0008_0364_0148_0142_0142.jpg 1 364 148 142 142
0009_0183_0052_0048_0048.jpg 1 183 52 48 48
0010_0067_0038_0150_0150.jpg 1 67 38 150 150
0011_0064_0087_0088_0088.jpg 1 64 87 88 88
0012_0479_0288_0073_0073.jpg 1 479 288 73 73
0013_0205_0239_0155_0155.jpg 1 205 239 155 155
0014_0315_0237_0087_0087.jpg 1 315 237 87 87
0015_0091_0036_0157_0157.jpg 1 91 36 157 157
0016_0218_0045_0050_0050.jpg 1 218 45 50 50
0017_0438_0036_0148_0148.jpg 1 438 36 148 148
0018_0088_0014_0163_0163.jpg 1 88 14 163 163
0019_0064_0023_0153_0153.jpg 1 64 23 153 153
0020_0299_0296_0090_0090.jpg 1 299 296 90 90
0021_0417_0310_0059_0059.jpg 1 417 310 59 59
0022_0068_0019_0049_0049.jpg 1 68 19 49 49
0001_0156_0016_0133_0133.jpg 1 156 16 133 133
0002_0040_0053_0127_0127.jpg 1 40 53 127 127
0003_0120_0013_0133_0133.jpg 1 120 13 133 133
0004_0284_0100_0082_0082.jpg 1 284 100 82 82
0005_0226_0134_0155_0155.jpg 1 226 134 155 155
0006_0173_0107_0058_0058.jpg 1 173 107 58 58
0007_0067_0158_0052_0052.jpg 1 67 158 52 52
0008_0101_0050_0075_0075.jpg 1 101 50 75 75
0009_0127_0051_0166_0166.jpg 1 127 51 166 166
0010_0111_0078_0066_0066.jpg 1 111 78 66 66
0011_0045_0096_0105_0105.jpg 1 45 96 105 105
0012_0225_0185_0085_0085.jpg 1 225 185 85 85
0013_0027_0095_0073_0073.jpg 1 27 95 73 73
0014_0019_0017_0164_0164.jpg 1 19 17 164 164
0015_0217_0187_0103_0103.jpg 1 217 187 103 103
0016_0035_0050_0146_0146.jpg 1 35 50 146 146
0017_0209_0072_0167_0167.jpg 1 209 72 167 167
0018_0018_0102_0059_0059.jpg 1 18 102 59 59
0019_0057_0065_0102_0102.jpg 1 57 65 102 102
0020_0145_0294_0126_0126.jpg 1 145 294 126 126
0021_0112_0017_0121_0121.jpg 1 112 17 121 121
0022_0356_0176_0110_0110.jpg 1 356 176 110 110
0001_0177_0018_0066_0066.jpg 1 177 18 66 66
0002_0320_0047_0064_0064.jpg 1 320 47 64 64
0003_0057_0037_0120_0120.jpg 1 57 37 120 120
0004_0413_0202_0064_0064.jpg 1 413 202 64 64
0005_0170_0073_0111_0111.jpg 1 170 73 111 111
0006_0370_0242_0109_0109.jpg 1 370 242 109 109
0007_0056_0076_0081_0081.jpg 1 56 76 81 81
0008_0152_0019_0106_0106.jpg 1 152 19 106 106
0009_0268_0320_0062_0062.jpg 1 268 320 62 62
0010_0083_0108_0087_0087.jpg 1 83 108 87 87
0011_0089_0020_0087_0087.jpg 1 89 20 87 87
0012_0343_0316_0074_0074.jpg 1 343 316 74 74
0013_0064_0138_0080_0080.jpg 1 64 138 80 80
0014_0081_0050_0104_0104.jpg 1 81 50 104 104
0015_0038_0119_0072_0072.jpg 1 38 119 72 72
0016_0015_0088_0094_0094.jpg 1 15 88 94 94
0017_0005_0022_0076_0076.jpg 1 5 22 76 76
0018_0427_0340_0096_0096.jpg 1 427 340 96 96
0019_0044_0092_0071_0071.jpg 1 44 92 71 71
0020_0307_0375_0101_0101.jpg 1 307 375 101 101
0021_0273_0115_0118_0118.jpg 1 273 115 118 118
0022_0189_0024_0104_0104.jpg 1 189 24 104 104
0001_0184_0071_0112_0112.jpg 1 184 71 112 112
0002_0174_0464_0101_0101.jpg 1 174 464 101 101
0003_0290_0053_0130_0130.jpg 1 290 53 130 130
0004_0115_0244_0116_0116.jpg 1 115 244 116 116
0005_0087_0034_0124_0124.jpg 1 87 34 124 124
0006_0142_0419_0162_0162.jpg 1 142 419 162 162
0007_0083_0239_0061_0061.jpg 1 83 239 61 61
0008_0081_0040_0140_0140.jpg 1 81 40 140 140
0009_0322_0215_0085_0085.jpg 1 322 215 85 85
0010_0042_0270_0113_0113.jpg 1 42 270 113 113
0011_0420_0239_0115_0115.jpg 1 420 239 115 115
0012_0134_0177_0081_0081.jpg 1 134 177 81 81
0013_0066_0016_0149_0149.jpg 1 66 16 149 149
0014_0158_0078_0083_0083.jpg 1 158 78 83 83
0015_0263_0127_0144_0144.jpg 1 263 127 144 144
0016_0125_0242_0063_0063.jpg 1 125 242 63 63
0017_0140_0306_0049_0049.jpg 1 140 306 49 49
0018_0124_0338_0085_0085.jpg 1 124 338 85 85
0019_0152_0099_0050_0050.jpg 1 152 99 50 50
0020_0021_0039_0048_0048.jpg 1 21 39 48 48
0021_0078_0030_0133_0133.jpg 1 78 30 133 133
0022_0228_0203_0139_0139.jpg 1 228 203 139 139
0001_0093_0169_0049_0049.jpg 1 93 169 49 49
0002_0003_0068_0138_0138.jpg 1 3 68 138 138
0003_0171_0046_0056_0056.jpg 1 171 46 56 56
0004_0072_0027_0152_0152.jpg 1 72 27 152 152
0005_0039_0028_0142_0142.jpg 1 39 28 142 142
0006_0022_0090_0132_0132.jpg 1 22 90 132 132
0007_0041_0069_0061_0061.jpg 1 41 69 61 61
0008_0317_0167_0068_0068.jpg 1 317 167 68 68
0009_0071_0085_0088_0088.jpg 1 71 85 88 88
0010_0137_0193_0152_0152.jpg 1 137 193 152 152
0011_0122_0036_0137_0137.jpg 1 122 36 137 137
0012_0115_0084_0089_0089.jpg 1 115 84 89 89
0013_0268_0106_0096_0096.jpg 1 268 106 96 96
0014_0072_0039_0165_0165.jpg 1 72 39 165 165
0015_0317_0235_0110_0110.jpg 1 317 235 110 110
0016_0045_0086_0113_0113.jpg 1 45 86 113 113
0017_0151_0031_0099_0099.jpg 1 151 31 99 99
0018_0048_0031_0148_0148.jpg 1 48 31 148 148
0019_0419_0155_0073_0073.jpg 1 419 155 73 73
0020_0097_0044_0109_0109.jpg 1 97 44 109 109
0021_0164_0282_0137_0137.jpg 1 164 282 137 137
0022_0404_0284_0098_0098.jpg 1 404 284 98 98
0001_0072_0058_0156_0156.jpg 1 72 58 156 156
0002_0197_0303_0123_0123.jpg 1 197 303 123 123
0003_0017_0045_0159_0159.jpg 1 17 45 159 159
0004_0033_0050_0145_0145.jpg 1 33 50 145 145
0005_0043_0146_0075_0075.jpg 1 43 146 75 75
0006_0338_0286_0121_0121.jpg 1 338 286 121 121
0007_0064_0042_0151_0151.jpg 1 64 42 151 151
0008_0351_0122_0103_0103.jpg 1 351 122 103 103
0009_0187_0308_0129_0129.jpg 1 187 308 129 129
0010_0154_0111_0082_0082.jpg 1 154 111 82 82
0011_0042_0095_0124_0124.jpg 1 42 95 124 124
0012_0017_0083_0099_0099.jpg 1 17 83 99 99
0013_0379_0304_0140_0140.jpg 1 379 304 140 140
0014_0093_0012_0140_0140.jpg 1 93 12 140 140
0015_0324_0195_0159_0159.jpg 1 324 195 159 159
0016_0362_0230_0115_0115.jpg 1 362 230 115 115
0017_0374_0215_0152_0152.jpg 1 374 215 152 152
0018_0318_0297_0130_0130.jpg 1 318 297 130 130
0019_0056_0219_0134_0134.jpg 1 56 219 134 134
0020_0025_0028_0136_0136.jpg 1 25 28 136 136
0021_0144_0098_0086_0086.jpg 1 144 98 86 86
0022_0144_0055_0090_0090.jpg 1 144 55 90 90
0001_0009_0061_0112_0112.jpg 1 9 61 112 112
0002_0140_0069_0127_0127.jpg 1 140 69 127 127
0003_0146_0088_0070_0070.jpg 1 146 88 70 70
0004_0268_0318_0105_0105.jpg 1 268 318 105 105
0005_0092_0086_0052_0052.jpg 1 92 86 52 52
0006_0257_0109_0071_0071.jpg 1 257 109 71 71
0007_0049_0194_0102_0102.jpg 1 49 194 102 102
0008_0283_0178_0081_0081.jpg 1 283 178 81 81
0009_0083_0094_0079_0079.jpg 1 83 94 79 79
0010_0025_0154_0058_0058.jpg 1 25 154 58 58
0011_0144_0042_0059_0059.jpg 1 144 42 59 59
0012_0036_0132_0088_0088.jpg 1 36 132 88 88
0013_0125_0172_0109_0109.jpg 1 125 172 109 109
0014_0126_0018_0113_0113.jpg 1 126 18 113 113
0015_0133_0119_0067_0067.jpg 1 133 119 67 67
0016_0258_0195_0072_0072.jpg 1 258 195 72 72
0017_0112_0057_0053_0053.jpg 1 112 57 53 53
0018_0119_0082_0125_0125.jpg 1 119 82 125 125
0019_0290_0253_0120_0120.jpg 1 290 253 120 120
0020_0138_0344_0092_0092.jpg 1 138 344 92 92
0021_0101_0064_0095_0095.jpg 1 101 64 95 95
0022_0032_0042_0124_0124.jpg 1 32 42 124 124
0001_0028_0033_0105_0105.jpg 1 28 33 105 105
0002_0151_0105_0079_0079.jpg 1 151 105 79 79
0003_0183_0135_0053_0053.jpg 1 183 135 53 53
0004_0082_0093_0083_0083.jpg 1 82 93 83 83
0005_0426_0165_0100_0100.jpg 1 426 165 100 100
0006_0160_0172_0086_0086.jpg 1 160 172 86 86
0007_0062_0069_0067_0067.jpg 1 62 69 67 67
0008_0085_0032_0079_0079.jpg 1 85 32 79 79
0009_0084_0090_0053_0053.jpg 1 84 90 53 53
0010_0131_0060_0103_0103.jpg 1 131 60 103 103
0011_0306_0200_0097_0097.jpg 1 306 200 97 97
0012_0452_0194_0085_0085.jpg 1 452 194 85 85
0013_0029_0027_0108_0108.jpg 1 29 27 108 108
0014_0430_0201_0094_0094.jpg 1 430 201 94 94
0015_0029_0130_0084_0084.jpg 1 29 130 84 84
0016_0060_0134_0050_0050.jpg 1 60 134 50 50
0017_0058_0281_0065_0065.jpg 1 58 281 65 65
0018_0084_0081_0069_0069.jpg 1 84 81 69 69
0019_0111_0067_0060_0060.jpg 1 111 67 60 60
0020_0177_0320_0100_0100.jpg 1 177 320 100 100
0021_0111_0108_0051_0051.jpg 1 111 108 51 51
0022_0238_0193_0095_0095.jpg 1 238 193 95 95
0001_0229_0028_0063_0063.jpg 1 229 28 63 63
0002_0346_0341_0075_0075.jpg 1 346 341 75 75
0003_0440_0324_0106_0106.jpg 1 440 324 106 106
0004_0119_0094_0087_0087.jpg 1 119 94 87 87
0005_0293_0466_0048_0048.jpg 1 293 466 48 48
0006_0177_0438_0049_0049.jpg 1 177 438 49 49
0007_0394_0213_0049_0049.jpg 1 394 213 49 49
0008_0072_0086_0059_0059.jpg 1 72 86 59 59
0009_0108_0271_0076_0076.jpg 1 108 271 76 76
0010_0364_0293_0101_0101.jpg 1 364 293 101 101
0011_0051_0042_0083_0083.jpg 1 51 42 83 83
0012_0184_0209_0101_0101.jpg 1 184 209 101 101
0013_0090_0035_0076_0076.jpg 1 90 35 76 76
0014_0059_0145_0056_0056.jpg 1 59 145 56 56
0015_0035_0041_0076_0076.jpg 1 35 41 76 76
0016_0163_0105_0102_0102.jpg 1 163 105 102 102
0017_0465_0137_0092_0092.jpg 1 465 137 92 92
0018_0044_0169_0051_0051.jpg 1 44 169 51 51
0019_0048_0041_0102_0102.jpg 1 48 41 102 102
0020_0217_0069_0054_0054.jpg 1 217 69 54 54
0021_0047_0043_0083_0083.jpg 1 47 43 83 83
0022_0190_0451_0073_0073.jpg 1 190 451 73 73
0001_0063_0104_0073_0073.jpg 1 63 104 73 73
0002_0085_0071_0135_0135.jpg 1 85 71 135 135
0003_0075_0058_0142_0142.jpg 1 75 58 142 142
0004_0094_0365_0156_0156.jpg 1 94 365 156 156
0005_0141_0153_0060_0060.jpg 1 141 153 60 60
0006_0196_0029_0067_0067.jpg 1 196 29 67 67
0007_0094_0023_0140_0140.jpg 1 94 23 140 140
0008_0130_0094_0053_0053.jpg 1 130 94 53 53
0009_0063_0081_0085_0085.jpg 1 63 81 85 85
0010_0106_0047_0071_0071.jpg 1 106 47 71 71
0011_0371_0231_0122_0122.jpg 1 371 231 122 122
0012_0095_0021_0111_0111.jpg 1 95 21 111 111
0013_0156_0289_0106_0106.jpg 1 156 289 106 106
0014_0167_0179_0074_0074.jpg 1 167 179 74 74
0015_0314_0111_0150_0150.jpg 1 314 111 150 150
0016_0119_0131_0166_0166.jpg 1 119 131 166 166
0017_0043_0016_0111_0111.jpg 1 43 16 111 111
0018_0034_0096_0132_0132.jpg 1 34 96 132 132
0019_0143_0102_0124_0124.jpg 1 143 102 124 124
0020_0244_0237_0117_0117.jpg 1 244 237 117 117
0021_0161_0049_0075_0075.jpg 1 161 49 75 75
0022_0053_0125_0126_0126.jpg 1 53 125 126 126
0001_0219_0148_0060_0060.jpg 1 219 148 60 60
0002_0106_0099_0120_0120.jpg 1 106 99 120 120
0003_0122_0039_0067_0067.jpg 1 122 39 67 67
0004_0108_0058_0090_0090.jpg 1 108 58 90 90
0005_0129_0028_0055_0055.jpg 1 129 28 55 55
0006_0295_0219_0122_0122.jpg 1 295 219 122 122
0007_0322_0112_0066_0066.jpg 1 322 112 66 66
0008_0240_0295_0065_0065.jpg 1 240 295 65 65
0009_0105_0080_0150_0150.jpg 1 105 80 150 150
0010_0450_0095_0068_0068.jpg 1 450 95 68 68
0011_0122_0124_0084_0084.jpg 1 122 124 84 84
0012_0037_0037_0145_0145.jpg 1 37 37 145 145
0013_0327_0084_0151_0151.jpg 1 327 84 151 151
0014_0052_0055_0130_0130.jpg 1 52 55 130 130
0015_0080_0203_0144_0144.jpg 1 80 203 144 144
0016_0387_0165_0122_0122.jpg 1 387 165 122 122
0017_0434_0135_0138_0138.jpg 1 434 135 138 138
0018_0064_0184_0089_0089.jpg 1 64 184 89 89
0019_0145_0108_0071_0071.jpg 1 145 108 71 71
0020_0262_0133_0098_0098.jpg 1 262 133 98 98
0021_0187_0126_0085_0085.jpg 1 187 126 85 85
0022_0104_0073_0123_0123.jpg 1 104 73 123 123
0001_0136_0103_0084_0084.jpg 1 136 103 84 84
0002_0139_0065_0152_0152.jpg 1 139 65 152 152
0003_0055_0077_0149_0149.jpg 1 55 77 149 149
0004_0360_0205_0146_0146.jpg 1 360 205 146 146
0005_0272_0292_0120_0120.jpg 1 272 292 120 120
0006_0119_0068_0088_0088.jpg 1 119 68 88 88
0007_0160_0135_0167_0167.jpg 1 160 135 167 167
0008_0201_0277_0103_0103.jpg 1 201 277 103 103
0009_0055_0319_0140_0140.jpg 1 55 319 140 140
0010_0104_0107_0098_0098.jpg 1 104 107 98 98
0011_0140_0061_0163_0163.jpg 1 140 61 163 163
0012_0086_0065_0161_0161.jpg 1 86 65 161 161
0013_0074_0033_0160_0160.jpg 1 74 33 160 160
0014_0118_0233_0164_0164.jpg 1 118 233 164 164
0015_0103_0398_0059_0059.jpg 1 103 398 59 59
0016_0035_0046_0121_0121.jpg 1 35 46 121 121
0017_0023_0057_0114_0114.jpg 1 23 57 114 114
0018_0202_0182_0166_0166.jpg 1 202 182 166 166
0019_0068_0445_0085_0085.jpg 1 68 445 85 85
0020_0006_0022_0147_0147.jpg 1 6 22 147 147
0021_0017_0073_0103_0103.jpg 1 17 73 103 103
0022_0291_0484_0064_0064.jpg 1 291 484 64 64
0001_0112_0062_0092_0092.jpg 1 112 62 92 92
0002_0014_0041_0140_0140.jpg 1 14 41 140 140
0003_0161_0143_0061_0061.jpg 1 161 143 61 61
0004_0156_0007_0112_0112.jpg 1 156 7 112 112
0005_0205_0274_0126_0126.jpg 1 205 274 126 126
0006_0060_0430_0086_0086.jpg 1 60 430 86 86
0007_0069_0022_0149_0149.jpg 1 69 22 149 149
0008_0136_0101_0115_0115.jpg 1 136 101 115 115
0009_0087_0025_0053_0053.jpg 1 87 25 53 53
0010_0295_0423_0085_0085.jpg 1 295 423 85 85
0011_0201_0252_0067_0067.jpg 1 201 252 67 67
0012_0086_0095_0083_0083.jpg 1 86 95 83 83
0013_0128_0169_0140_0140.jpg 1 128 169 140 140
0014_0243_0053_0143_0143.jpg 1 243 53 143 143
0015_0068_0122_0050_0050.jpg 1 68 122 50 50
0016_0125_0015_0097_0097.jpg 1 125 15 97 97
0017_0458_0095_0097_0097.jpg 1 458 95 97 97
0018_0387_0215_0055_0055.jpg 1 387 215 55 55
0019_0197_0357_0069_0069.jpg 1 197 357 69 69
0020_0023_0137_0077_0077.jpg 1 23 137 77 77
0021_0266_0090_0131_0131.jpg 1 266 90 131 131
0022_0059_0055_0124_0124.jpg 1 59 55 124 124
0001_0080_0050_0094_0094.jpg 1 80 50 94 94
0002_0035_0067_0093_0093.jpg 1 35 67 93 93
0003_0148_0014_0087_0087.jpg 1 148 14 87 87
0004_0197_0176_0104_0104.jpg 1 197 176 104 104
0005_0061_0026_0121_0121.jpg 1 61 26 121 121
0006_0268_0040_0114_0114.jpg 1 268 40 114 114
0007_0216_0077_0052_0052.jpg 1 216 77 52 52
0008_0435_0324_0052_0052.jpg 1 435 324 52 52
0009_0016_0084_0141_0141.jpg 1 16 84 141 141
0010_0187_0095_0101_0101.jpg 1 187 95 101 101
0011_0113_0050_0060_0060.jpg 1 113 50 60 60
0012_0262_0078_0068_0068.jpg 1 262 78 68 68
0013_0033_0048_0065_0065.jpg 1 33 48 65 65
0014_0033_0072_0050_0050.jpg 1 33 72 50 50
0015_0388_0235_0137_0137.jpg 1 388 235 137 137
0016_0163_0171_0088_0088.jpg 1 163 171 88 88
0017_0308_0326_0070_0070.jpg 1 308 326 70 70
0018_0316_0055_0066_0066.jpg 1 316 55 66 66
0019_0326_0303_0097_0097.jpg 1 326 303 97 97
0020_0072_0267_0120_0120.jpg 1 72 267 120 120
0021_0025_0034_0135_0135.jpg 1 25 34 135 135
0022_0161_0254_0072_0072.jpg 1 161 254 72 72
0001_0072_0070_0078_0078.jpg 1 72 70 78 78
0002_0319_0061_0142_0142.jpg 1 319 61 142 142
0003_0049_0023_0130_0130.jpg 1 49 23 130 130
0004_0283_0208_0123_0123.jpg 1 283 208 123 123
0005_0087_0043_0108_0108.jpg 1 87 43 108 108
0006_0031_0046_0094_0094.jpg 1 31 46 94 94
0007_0112_0115_0100_0100.jpg 1 112 115 100 100
0008_0322_0126_0126_0126.jpg 1 322 126 126 126
0009_0059_0179_0138_0138.jpg 1 59 179 138 138
0010_0018_0053_0110_0110.jpg 1 18 53 110 110
0011_0429_0167_0065_0065.jpg 1 429 167 65 65
0012_0034_0017_0126_0126.jpg 1 34 17 126 126
0013_0312_0191_0142_0142.jpg 1 312 191 142 142
0014_0017_0058_0104_0104.jpg 1 17 58 104 104
0015_0243_0167_0119_0119.jpg 1 243 167 119 119
0016_0038_0095_0091_0091.jpg 1 38 95 91 91
0017_0072_0202_0102_0102.jpg 1 72 202 102 102
0018_0083_0097_0131_0131.jpg 1 83 97 131 131
0019_0352_0255_0053_0053.jpg 1 352 255 53 53
0020_0035_0045_0130_0130.jpg 1 35 45 130 130
0021_0065_0081_0129_0129.jpg 1 65 81 129 129
0022_0344_0149_0134_0134.jpg 1 344 149 134 134
0001_0071_0028_0167_0167.jpg 1 71 28 167 167
0002_0131_0084_0087_0087.jpg 1 131 84 87 87
0003_0402_0162_0052_0052.jpg 1 402 162 52 52
0004_0086_0172_0083_0083.jpg 1 86 172 83 83
0005_0201_0079_0083_0083.jpg 1 201 79 83 83
0006_0482_0154_0055_0055.jpg 1 482 154 55 55
0007_0144_0164_0133_0133.jpg 1 144 164 133 133
0008_0359_0277_0167_0167.jpg 1 359 277 167 167
0009_0168_0159_0123_0123.jpg 1 168 159 123 123
0010_0230_0225_0125_0125.jpg 1 230 225 125 125
0011_0095_0087_0073_0073.jpg 1 95 87 73 73
0012_0285_0085_0133_0133.jpg 1 285 85 133 133
0013_0299_0118_0123_0123.jpg 1 299 118 123 123
0014_0155_0134_0123_0123.jpg 1 155 134 123 123
0015_0339_0107_0069_0069.jpg 1 339 107 69 69
0016_0229_0294_0127_0127.jpg 1 229 294 127 127
0017_0213_0150_0150_0150.jpg 1 213 150 150 150
0018_0132_0039_0093_0093.jpg 1 132 39 93 93
0019_0328_0187_0120_0120.jpg 1 328 187 120 120
0020_0198_0210_0093_0093.jpg 1 198 210 93 93
0021_0123_0050_0130_0130.jpg 1 123 50 130 130
0022_0284_0119_0163_0163.jpg 1 284 119 163 163
0001_0024_0027_0094_0094.jpg 1 24 27 94 94
0002_0051_0082_0072_0072.jpg 1 51 82 72 72
0003_0091_0146_0158_0158.jpg 1 91 146 158 158
0004_0133_0024_0141_0141.jpg 1 133 24 141 141
0005_0080_0071_0146_0146.jpg 1 80 71 146 146
0006_0361_0052_0124_0124.jpg 1 361 52 124 124
0007_0087_0012_0147_0147.jpg 1 87 12 147 147
0008_0033_0040_0113_0113.jpg 1 33 40 113 113
0009_0121_0094_0110_0110.jpg 1 121 94 110 110
0010_0158_0097_0078_0078.jpg 1 158 97 78 78
0011_0150_0068_0120_0120.jpg 1 150 68 120 120
0012_0137_0229_0109_0109.jpg 1 137 229 109 109
0013_0439_0153_0068_0068.jpg 1 439 153 68 68
0014_0481_0210_0058_0058.jpg 1 481 210 58 58
0015_0194_0074_0100_0100.jpg 1 194 74 100 100
0016_0287_0461_0123_0123.jpg 1 287 461 123 123
0017_0044_0039_0094_0094.jpg 1 44 39 94 94
0018_0015_0055_0154_0154.jpg 1 15 55 154 154
0019_0286_0229_0084_0084.jpg 1 286 229 84 84
0020_0079_0085_0104_0104.jpg 1 79 85 104 104
0021_0417_0062_0054_0054.jpg 1 417 62 54 54
0022_0100_0124_0052_0052.jpg 1 100 124 52 52
0001_0027_0127_0094_0094.jpg 1 27 127 94 94
0002_0177_0175_0154_0154.jpg 1 177 175 154 154
0003_0020_0014_0159_0159.jpg 1 20 14 159 159
0004_0357_0114_0142_0142.jpg 1 357 114 142 142
0005_0004_0044_0165_0165.jpg 1 4 44 165 165
0006_0335_0105_0067_0067.jpg 1 335 105 67 67
0007_0024_0040_0133_0133.jpg 1 24 40 133 133
0008_0133_0075_0137_0137.jpg 1 133 75 137 137
0009_0186_0269_0149_0149.jpg 1 186 269 149 149
0010_0272_0283_0145_0145.jpg 1 272 283 145 145
0011_0202_0048_0068_0068.jpg 1 202 48 68 68
0012_0057_0095_0049_0049.jpg 1 57 95 49 49
0013_0235_0423_0112_0112.jpg 1 235 423 112 112
0014_0068_0049_0146_0146.jpg 1 68 49 146 146
0015_0187_0068_0106_0106.jpg 1 187 68 106 106
0016_0082_0416_0124_0124.jpg 1 82 416 124 124
0017_0314_0282_0135_0135.jpg 1 314 282 135 135
0018_0224_0151_0099_0099.jpg 1 224 151 99 99
0019_0017_0055_0149_0149.jpg 1 17 55 149 149
0020_0221_0128_0127_0127.jpg 1 221 128 127 127
0021_0216_0132_0166_0166.jpg 1 216 132 166 166
0022_0015_0011_0154_0154.jpg 1 15 11 154 154
0001_0041_0026_0141_0141.jpg 1 41 26 141 141
0002_0363_0244_0138_0138.jpg 1 363 244 138 138
0003_0022_0029_0083_0083.jpg 1 22 29 83 83
0004_0246_0034_0135_0135.jpg 1 246 34 135 135
0005_0157_0038_0097_0097.jpg 1 157 38 97 97
0006_0384_0095_0115_0115.jpg 1 384 95 115 115
0007_0313_0083_0106_0106.jpg 1 313 83 106 106
0008_0085_0278_0066_0066.jpg 1 85 278 66 66
0009_0181_0016_0110_0110.jpg 1 181 16 110 110
0010_0114_0096_0053_0053.jpg 1 114 96 53 53
0011_0157_0063_0146_0146.jpg 1 157 63 146 146
0012_0096_0097_0050_0050.jpg 1 96 97 50 50
0013_0120_0060_0095_0095.jpg 1 120 60 95 95
0014_0278_0171_0102_0102.jpg 1 278 171 102 102
0015_0175_0282_0130_0130.jpg 1 175 282 130 130
0016_0179_0071_0052_0052.jpg 1 179 71 52 52
0017_0124_0012_0111_0111.jpg 1 124 12 111 111
0018_0019_0032_0156_0156.jpg 1 19 32 156 156
0019_0078_0031_0122_0122.jpg 1 78 31 122 122
0020_0142_0081_0109_0109.jpg 1 142 81 109 109
0021_0044_0088_0105_0105.jpg 1 44 88 105 105
0022_0002_0054_0157_0157.jpg 1 2 54 157 157
0001_0108_0020_0142_0142.jpg 1 108 20 142 142
0002_0275_0217_0126_0126.jpg 1 275 217 126 126
0003_0416_0203_0127_0127.jpg 1 416 203 127 127
0004_0051_0060_0151_0151.jpg 1 51 60 151 151
0005_0522_0183_0049_0049.jpg 1 522 183 49 49
0006_0343_0250_0144_0144.jpg 1 343 250 144 144
0007_0152_0049_0149_0149.jpg 1 152 49 149 149
0008_0335_0118_0136_0136.jpg 1 335 118 136 136
0009_0450_0096_0114_0114.jpg 1 450 96 114 114
0010_0063_0160_0138_0138.jpg 1 63 160 138 138
0011_0407_0175_0108_0108.jpg 1 407 175 108 108
0012_0267_0077_0063_0063.jpg 1 267 77 63 63
0013_0387_0274_0059_0059.jpg 1 387 274 59 59
0014_0225_0229_0149_0149.jpg 1 225 229 149 149
0015_0181_0028_0057_0057.jpg 1 181 28 57 57
0016_0125_0080_0142_0142.jpg 1 125 80 142 142
0017_0037_0092_0055_0055.jpg 1 37 92 55 55
0018_0279_0104_0081_0081.jpg 1 279 104 81 81
0019_0231_0175_0083_0083.jpg 1 231 175 83 83
0020_0200_0233_0112_0112.jpg 1 200 233 112 112
0021_0080_0099_0108_0108.jpg 1 80 99 108 108
0022_0070_0063_0091_0091.jpg 1 70 63 91 91
0001_0105_0120_0066_0066.jpg 1 105 120 66 66
0002_0145_0184_0122_0122.jpg 1 145 184 122 122
0003_0088_0097_0054_0054.jpg 1 88 97 54 54
0004_0010_0010_0167_0167.jpg 1 10 10 167 167
0005_0149_0043_0131_0131.jpg 1 149 43 131 131
0006_0249_0112_0085_0085.jpg 1 249 112 85 85
0007_0232_0285_0074_0074.jpg 1 232 285 74 74
0008_0049_0035_0129_0129.jpg 1 49 35 129 129
0009_0100_0031_0145_0145.jpg 1 100 31 145 145
0010_0014_0045_0156_0156.jpg 1 14 45 156 156
0011_0059_0026_0054_0054.jpg 1 59 26 54 54
0012_0369_0230_0105_0105.jpg 1 369 230 105 105
0013_0013_0138_0073_0073.jpg 1 13 138 73 73
0014_0129_0101_0071_0071.jpg 1 129 101 71 71
0015_0143_0132_0100_0100.jpg 1 143 132 100 100
0016_0313_0317_0088_0088.jpg 1 313 317 88 88
0017_0124_0296_0124_0124.jpg 1 124 296 124 124
0018_0406_0193_0144_0144.jpg 1 406 193 144 144
0019_0187_0079_0108_0108.jpg 1 187 79 108 108
0020_0144_0060_0113_0113.jpg 1 144 60 113 113
0021_0184_0089_0052_0052.jpg 1 184 89 52 52
0022_0206_0356_0148_0148.jpg 1 206 356 148 148
0001_0130_0047_0142_0142.jpg 1 130 47 142 142
0002_0435_0277_0082_0082.jpg 1 435 277 82 82
0003_0095_0035_0124_0124.jpg 1 95 35 124 124
0004_0280_0390_0079_0079.jpg 1 280 390 79 79
0005_0189_0279_0141_0141.jpg 1 189 279 141 141
0006_0058_0146_0131_0131.jpg 1 58 146 131 131
0007_0133_0268_0064_0064.jpg 1 133 268 64 64
0008_0219_0118_0121_0121.jpg 1 219 118 121 121
0009_0200_0201_0106_0106.jpg 1 200 201 106 106
0010_0405_0269_0072_0072.jpg 1 405 269 72 72
0011_0143_0222_0122_0122.jpg 1 143 222 122 122
0012_0126_0167_0056_0056.jpg 1 126 167 56 56
0013_0356_0082_0053_0053.jpg 1 356 82 53 53
0014_0128_0034_0055_0055.jpg 1 128 34 55 55
0015_0020_0092_0107_0107.jpg 1 20 92 107 107
0016_0401_0168_0100_0100.jpg 1 401 168 100 100
0017_0061_0050_0073_0073.jpg 1 61 50 73 73
0018_0083_0118_0061_0061.jpg 1 83 118 61 61
0019_0026_0092_0130_0130.jpg 1 26 92 130 130
0020_0006_0050_0145_0145.jpg 1 6 50 145 145
0021_0297_0132_0145_0145.jpg 1 297 132 145 145
0022_0114_0308_0068_0068.jpg 1 114 308 68 68
0001_0027_0137_0068_0068.jpg 1 27 137 68 68
0002_0110_0107_0082_0082.jpg 1 110 107 82 82
0003_0154_0176_0080_0080.jpg 1 154 176 80 80
0004_0383_0056_0050_0050.jpg 1 383 56 50 50
0005_0079_0066_0077_0077.jpg 1 79 66 77 77
0006_0056_0084_0071_0071.jpg 1 56 84 71 71
0007_0063_0050_0091_0091.jpg 1 63 50 91 91
0008_0021_0078_0109_0109.jpg 1 21 78 109 109
0009_0262_0259_0081_0081.jpg 1 262 259 81 81
0010_0311_0166_0095_0095.jpg 1 311 166 95 95
0011_0145_0116_0070_0070.jpg 1 145 116 70 70
0012_0087_0051_0056_0056.jpg 1 87 51 56 56
0013_0224_0220_0111_0111.jpg 1 224 220 111 111
0014_0218_0063_0102_0102.jpg 1 218 63 102 102
0015_0220_0324_0109_0109.jpg 1 220 324 109 109
0016_0146_0291_0072_0072.jpg 1 146 291 72 72
0017_0295_0332_0079_0079.jpg 1 295 332 79 79
0018_0144_0373_0062_0062.jpg 1 144 373 62 62
0019_0236_0198_0051_0051.jpg 1 236 198 51 51
0020_0472_0043_0056_0056.jpg 1 472 43 56 56
0021_0089_0060_0109_0109.jpg 1 89 60 109 109
0022_0294_0176_0108_0108.jpg 1 294 176 108 108
0001_0061_0035_0125_0125.jpg 1 61 35 125 125
0002_0148_0029_0070_0070.jpg 1 148 29 70 70
0003_0227_0331_0061_0061.jpg 1 227 331 61 61
0004_0076_0041_0088_0088.jpg 1 76 41 88 88
0005_0169_0112_0049_0049.jpg 1 169 112 49 49
0006_0122_0023_0056_0056.jpg 1 122 23 56 56
0007_0057_0089_0093_0093.jpg 1 57 89 93 93
0008_0073_0071_0079_0079.jpg 1 73 71 79 79
0009_0030_0045_0109_0109.jpg 1 30 45 109 109
0010_0256_0163_0112_0112.jpg 1 256 163 112 112
0011_0119_0201_0124_0124.jpg 1 119 201 124 124
0012_0374_0090_0104_0104.jpg 1 374 90 104 104
0013_0072_0276_0053_0053.jpg 1 72 276 53 53
0014_0030_0079_0087_0087.jpg 1 30 79 87 87
0015_0320_0245_0052_0052.jpg 1 320 245 52 52
0016_0439_0152_0119_0119.jpg 1 439 152 119 119
0017_0162_0051_0100_0100.jpg 1 162 51 100 100
0018_0318_0362_0108_0108.jpg 1 318 362 108 108
0019_0032_0050_0120_0120.jpg 1 32 50 120 120
0020_0397_0102_0060_0060.jpg 1 397 102 60 60
0021_0261_0352_0125_0125.jpg 1 261 352 125 125
0022_0165_0065_0060_0060.jpg 1 165 65 60 60
0001_0178_0013_0120_0120.jpg 1 178 13 120 120
0002_0027_0033_0124_0124.jpg 1 27 33 124 124
0003_0168_0080_0098_0098.jpg 1 168 80 98 98
0004_0353_0248_0070_0070.jpg 1 353 248 70 70
0005_0037_0023_0097_0097.jpg 1 37 23 97 97
0006_0391_0077_0123_0123.jpg 1 391 77 123 123
0007_0407_0102_0128_0128.jpg 1 407 102 128 128
0008_0104_0145_0112_0112.jpg 1 104 145 112 112
0009_0083_0026_0097_0097.jpg 1 83 26 97 97
0010_0353_0148_0115_0115.jpg 1 353 148 115 115
0011_0110_0108_0125_0125.jpg 1 110 108 125 125
0012_0043_0113_0082_0082.jpg 1 43 113 82 82
0013_0024_0036_0141_0141.jpg 1 24 36 141 141
0014_0218_0290_0138_0138.jpg 1 218 290 138 138
0015_0326_0188_0091_0091.jpg 1 326 188 91 91
0016_0310_0075_0080_0080.jpg 1 310 75 80 80
0017_0024_0057_0125_0125.jpg 1 24 57 125 125
0018_0051_0043_0051_0051.jpg 1 51 43 51 51
0019_0127_0225_0139_0139.jpg 1 127 225 139 139
0020_0130_0275_0109_0109.jpg 1 130 275 109 109
0021_0152_0012_0139_0139.jpg 1 152 12 139 139
0022_0058_0025_0096_0096.jpg 1 58 25 96 96
0001_0089_0018_0107_0107.jpg 1 89 18 107 107
0002_0060_0035_0105_0105.jpg 1 60 35 105 105
0003_0023_0068_0074_0074.jpg 1 23 68 74 74
0004_0312_0042_0059_0059.jpg 1 312 42 59 59
0005_0084_0089_0087_0087.jpg 1 84 89 87 87
0006_0011_0014_0103_0103.jpg 1 11 14 103 103
0007_0042_0020_0066_0066.jpg 1 42 20 66 66
0008_0005_0069_0162_0162.jpg 1 5 69 162 162
0009_0490_0098_0076_0076.jpg 1 490 98 76 76
0010_0117_0129_0098_0098.jpg 1 117 129 98 98
0011_0158_0201_0146_0146.jpg 1 158 201 146 146
0012_0122_0303_0070_0070.jpg 1 122 303 70 70
0013_0103_0413_0070_0070.jpg 1 103 413 70 70
0014_0298_0079_0120_0120.jpg 1 298 79 120 120
0015_0202_0133_0135_0135.jpg 1 202 133 135 135
0016_0021_0030_0142_0142.jpg 1 21 30 142 142
0017_0141_0072_0118_0118.jpg 1 141 72 118 118
0018_0102_0180_0056_0056.jpg 1 102 180 56 56
0019_0261_0085_0133_0133.jpg 1 261 85 133 133
0020_0044_0362_0145_0145.jpg 1 44 362 145 145
0021_0427_0188_0111_0111.jpg 1 427 188 111 111
0022_0043_0028_0140_0140.jpg 1 43 28 140 140
0001_0187_0072_0074_0074.jpg 1 187 72 74 74
0002_0038_0060_0161_0161.jpg 1 38 60 161 161
0003_0101_0261_0050_0050.jpg 1 101 261 50 50
0004_0061_0144_0078_0078.jpg 1 61 144 78 78
0005_0014_0018_0133_0133.jpg 1 14 18 133 133
0006_0071_0038_0157_0157.jpg 1 71 38 157 157
0007_0137_0143_0049_0049.jpg 1 137 143 49 49
0008_0236_0229_0050_0050.jpg 1 236 229 50 50
0009_0472_0327_0065_0065.jpg 1 472 327 65 65
0010_0099_0126_0074_0074.jpg 1 99 126 74 74
0011_0004_0055_0146_0146.jpg 1 4 55 146 146
0012_0251_0041_0165_0165.jpg 1 251 41 165 165
0013_0376_0055_0130_0130.jpg 1 376 55 130 130
0014_0066_0424_0055_0055.jpg 1 66 424 55 55
0015_0093_0079_0149_0149.jpg 1 93 79 149 149
0016_0346_0073_0137_0137.jpg 1 346 73 137 137
0017_0434_0150_0049_0049.jpg 1 434 150 49 49
0018_0375_0222_0110_0110.jpg 1 375 222 110 110
0019_0099_0100_0073_0073.jpg 1 99 100 73 73
0020_0192_0091_0072_0072.jpg 1 192 91 72 72
0021_0096_0173_0158_0158.jpg 1 96 173 158 158
0022_0034_0071_0143_0143.jpg 1 34 71 143 143
0001_0078_0137_0079_0079.jpg 1 78 137 79 79
0002_0374_0298_0109_0109.jpg 1 374 298 109 109
0003_0202_0243_0142_0142.jpg 1 202 243 142 142
0004_0101_0134_0130_0130.jpg 1 101 134 130 130
0005_0235_0126_0125_0125.jpg 1 235 126 125 125
0006_0349_0197_0060_0060.jpg 1 349 197 60 60
0007_0019_0070_0145_0145.jpg 1 19 70 145 145
0008_0082_0032_0088_0088.jpg 1 82 32 88 88
0009_0149_0092_0151_0151.jpg 1 149 92 151 151
0010_0239_0192_0126_0126.jpg 1 239 192 126 126
0011_0169_0438_0063_0063.jpg 1 169 438 63 63
0012_0084_0162_0147_0147.jpg 1 84 162 147 147
0013_0353_0111_0155_0155.jpg 1 353 111 155 155
0014_0143_0068_0164_0164.jpg 1 143 68 164 164
0015_0099_0081_0115_0115.jpg 1 99 81 115 115
0016_0167_0066_0118_0118.jpg 1 167 66 118 118
0017_0153_0160_0099_0099.jpg 1 153 160 99 99
0018_0099_0024_0049_0049.jpg 1 99 24 49 49
0019_0355_0187_0095_0095.jpg 1 355 187 95 95
0020_0060_0059_0118_0118.jpg 1 60 59 118 118
0021_0024_0042_0132_0132.jpg 1 24 42 132 132
0022_0176_0482_0051_0051.jpg 1 176 482 51 51
0001_0078_0089_0095_0095.jpg 1 78 89 95 95
0002_0045_0092_0052_0052.jpg 1 45 92 52 52
0003_0293_0127_0059_0059.jpg 1 293 127 59 59
0004_0043_0146_0053_0053.jpg 1 43 146 53 53
0005_0045_0045_0100_0100.jpg 1 45 45 100 100
0006_0123_0097_0101_0101.jpg 1 123 97 101 101
0007_0379_0286_0101_0101.jpg 1 379 286 101 101
0008_0121_0146_0157_0157.jpg 1 121 146 157 157
0009_0070_0247_0104_0104.jpg 1 70 247 104 104
0010_0195_0237_0129_0129.jpg 1 195 237 129 129
0011_0374_0316_0075_0075.jpg 1 374 316 75 75
0012_0127_0053_0143_0143.jpg 1 127 53 143 143
0013_0098_0107_0117_0117.jpg 1 98 107 117 117
0014_0065_0151_0061_0061.jpg 1 65 151 61 61
0015_0019_0064_0151_0151.jpg 1 19 64 151 151
0016_0036_0023_0106_0106.jpg 1 36 23 106 106
0017_0370_0117_0116_0116.jpg 1 370 117 116 116
0018_0100_0055_0074_0074.jpg 1 100 55 74 74
0019_0107_0049_0061_0061.jpg 1 107 49 61 61
0020_0357_0119_0155_0155.jpg 1 357 119 155 155
0021_0063_0349_0052_0052.jpg 1 63 349 52 52
0022_0260_0082_0149_0149.jpg 1 260 82 149 149
0001_0041_0042_0135_0135.jpg 1 41 42 135 135
0002_0041_0097_0092_0092.jpg 1 41 97 92 92
0003_0469_0072_0097_0097.jpg 1 469 72 97 97
0004_0180_0061_0097_0097.jpg 1 180 61 97 97
0005_0033_0032_0135_0135.jpg 1 33 32 135 135
0006_0055_0078_0066_0066.jpg 1 55 78 66 66
0007_0355_0189_0141_0141.jpg 1 355 189 141 141
0008_0115_0026_0155_0155.jpg 1 115 26 155 155
0009_0010_0083_0135_0135.jpg 1 10 83 135 135
0010_0094_0169_0049_0049.jpg 1 94 169 49 49
0011_0241_0035_0149_0149.jpg 1 241 35 149 149
0012_0232_0066_0111_0111.jpg 1 232 66 111 111
0013_0366_0355_0053_0053.jpg 1 366 355 53 53
0014_0056_0063_0154_0154.jpg 1 56 63 154 154
0015_0150_0043_0134_0134.jpg 1 150 43 134 134
0016_0010_0091_0077_0077.jpg 1 10 91 77 77
0017_0215_0104_0073_0073.jpg 1 215 104 73 73
0018_0415_0092_0119_0119.jpg 1 415 92 119 119
0019_0056_0316_0061_0061.jpg 1 56 316 61 61
0020_0028_0089_0135_0135.jpg 1 28 89 135 135
0021_0123_0203_0131_0131.jpg 1 123 203 131 131
0022_0030_0069_0102_0102.jpg 1 30 69 102 102
0001_0101_0068_0134_0134.jpg 1 101 68 134 134
0002_0304_0117_0050_0050.jpg 1 304 117 50 50
0003_0045_0096_0129_0129.jpg 1 45 96 129 129
0004_0017_0043_0111_0111.jpg 1 17 43 111 111
0005_0249_0037_0113_0113.jpg 1 249 37 113 113
0006_0017_0082_0119_0119.jpg 1 17 82 119 119
0007_0385_0204_0122_0122.jpg 1 385 204 122 122
0008_0079_0079_0081_0081.jpg 1 79 79 81 81
0009_0200_0039_0078_0078.jpg 1 200 39 78 78
0010_0108_0061_0151_0151.jpg 1 108 61 151 151
0011_0137_0225_0135_0135.jpg 1 137 225 135 135
0012_0073_0080_0058_0058.jpg 1 73 80 58 58
0013_0038_0069_0141_0141.jpg 1 38 69 141 141
0014_0124_0054_0058_0058.jpg 1 124 54 58 58
0015_0096_0091_0124_0124.jpg 1 96 91 124 124
0016_0221_0254_0120_0120.jpg 1 221 254 120 120
0017_0014_0011_0127_0127.jpg 1 14 11 127 127
0018_0062_0033_0128_0128.jpg 1 62 33 128 128
0019_0294_0119_0139_0139.jpg 1 294 119 139 139
0020_0284_0151_0085_0085.jpg 1 284 151 85 85
0021_0065_0027_0146_0146.jpg 1 65 27 146 146
0022_0349_0388_0071_0071.jpg 1 349 388 71 71
0001_0143_0068_0142_0142.jpg 1 143 68 142 142
0002_0115_0049_0059_0059.jpg 1 115 49 59 59
0003_0047_0044_0165_0165.jpg 1 47 44 165 165
0004_0055_0125_0048_0048.jpg 1 55 125 48 48
0005_0455_0125_0113_0113.jpg 1 455 125 113 113
0006_0380_0160_0096_0096.jpg 1 380 160 96 96
0007_0084_0074_0127_0127.jpg 1 84 74 127 127
0008_0384_0247_0118_0118.jpg 1 384 247 118 118
0009_0136_0029_0112_0112.jpg 1 136 29 112 112
0010_0082_0127_0055_0055.jpg 1 82 127 55 55
0011_0278_0123_0064_0064.jpg 1 278 123 64 64
0012_0081_0385_0166_0166.jpg 1 81 385 166 166
0013_0246_0120_0060_0060.jpg 1 246 120 60 60
0014_0276_0298_0096_0096.jpg 1 276 298 96 96
0015_0207_0046_0067_0067.jpg 1 207 46 67 67
0016_0075_0202_0067_0067.jpg 1 75 202 67 67
0017_0154_0103_0078_0078.jpg 1 154 103 78 78
0018_0062_0028_0156_0156.jpg 1 62 28 156 156
0019_0072_0059_0116_0116.jpg 1 72 59 116 116
0020_0070_0052_0144_0144.jpg 1 70 52 144 144
0021_0173_0117_0137_0137.jpg 1 173 117 137 137
0022_0183_0218_0149_0149.jpg 1 183 218 149 149
0001_0025_0080_0108_0108.jpg 1 25 80 108 108
0002_0208_0066_0055_0055.jpg 1 208 66 55 55
0003_0044_0078_0144_0144.jpg 1 44 78 144 144
0004_0065_0241_0073_0073.jpg 1 65 241 73 73
0005_0142_0032_0112_0112.jpg 1 142 32 112 112
0006_0036_0061_0116_0116.jpg 1 36 61 116 116
0007_0037_0224_0160_0160.jpg 1 37 224 160 160
0008_0058_0053_0094_0094.jpg 1 58 53 94 94
0009_0277_0037_0139_0139.jpg 1 277 37 139 139
0010_0045_0043_0142_0142.jpg 1 45 43 142 142
0011_0107_0051_0099_0099.jpg 1 107 51 99 99
0012_0106_0068_0113_0113.jpg 1 106 68 113 113
0013_0003_0021_0161_0161.jpg 1 3 21 161 161
0014_0106_0290_0091_0091.jpg 1 106 290 91 91
0015_0039_0082_0093_0093.jpg 1 39 82 93 93
0016_0075_0019_0135_0135.jpg 1 75 19 135 135
0017_0091_0311_0109_0109.jpg 1 91 311 109 109
0018_0127_0272_0101_0101.jpg 1 127 272 101 101
0019_0432_0041_0146_0146.jpg 1 432 41 146 146
0020_0075_0087_0134_0134.jpg 1 75 87 134 134
0021_0100_0160_0158_0158.jpg 1 100 160 158 158
0022_0316_0345_0066_0066.jpg 1 316 345 66 66
